6.434740072139140121e-01,2.678285847189446067e-01,3.766049407386722336e-01,4.160178047843173244e-01,7.534537426321408216e-01,3.726458866243697043e-01,3.790059816631599632e-01,5.853378416426449071e-01,5.128782701945957534e-01,2.423232203648102712e-01,9.059747733003984393e-01,4.264716629172980444e-01,3.919188657216677307e-01,4.191082711498963498e-01,6.010766783170056193e-01,4.077954121756490746e-01,4.387450626111488172e-01,3.681644834718704740e-01,5.291884806961154597e-01,2.282948632508909059e-01,7.411833963684594240e-01,5.542022448876564589e-01,5.457367595266182647e-01,8.473319384417143940e-01,9.645595950014466125e-01,7.273113916438672666e-01,9.639711548616166636e-01,5.532915917383491866e-01,2.330178212663791826e-01,7.110218911123397101e-01
5.924808776114732778e-01,2.345116414944588557e-01,3.376423935814228949e-01,4.060002209078286683e-01,7.350082568883069545e-01,3.081430955078292011e-01,3.291379340897888639e-01,5.042152261263496138e-01,4.849451634785351128e-01,2.079094818943402478e-01,8.892979126919081656e-01,4.135116712361789904e-01,3.797427698784000549e-01,3.471293995085635853e-01,5.551605029896402588e-01,3.791779015951935450e-01,3.714952534512634963e-01,3.510734448030050636e-01,4.982063190040302292e-01,1.984945599026061991e-01,7.135435005029501232e-01,5.395661526452001366e-01,5.096810427964604262e-01,8.197063822803231092e-01,9.561128466025985428e-01,6.635332548242353079e-01,9.510093283395409935e-01,5.222416924626480661e-01,2.081672390703433739e-01,6.977553561651083092e-01
7.238513793249988781e-01,3.318944511689366772e-01,4.474696273803286939e-01,4.334649494515848689e-01,7.831976289877603525e-01,4.940010457428008483e-01,4.707786044398055147e-01,7.131066533830808796e-01,5.607958290923376055e-01,3.102382892435268102e-01,9.295162747451062302e-01,4.490661939136046943e-01,4.132429182563864822e-01,5.499154641613354100e-01,6.759217174214335877e-01,4.585741367285491865e-01,5.587683116141907158e-01,3.984304122582149055e-01,5.819978594871247912e-01,2.867555855207463700e-01,7.846232759118533240e-01,5.792263430723952888e-01,6.066428667009775566e-01,8.867582253023911232e-01,9.755864309544450830e-01,8.178860888310978128e-01,9.789674868963730292e-01,6.057809732266312697e-01,2.805552931886245438e-01,7.330817749441770337e-01
2.412988060647188182e-01,8.095828373119100252e-02,1.338372454836295189e-01,3.381897846232313487e-01,5.839246799552516576e-01,5.559516004669860789e-02,9.565509767697848165e-02,9.216949288959506992e-02,3.003308971383244486e-01,6.144133281758990678e-02,6.911393405131612822e-01,3.266433366409268735e-01,2.990562764536532914e-01,5.857919075906915102e-02,2.492465049241358588e-01,2.081540397800547282e-01,7.652372649840540053e-02,2.430573052782433741e-01,2.933636030335511347e-01,6.629160548107486395e-02,4.831121675774158741e-01,4.362130288206741979e-01,2.731959838760083525e-01,5.280871166306907449e-01,8.201001608098391626e-01,1.910742872605347420e-01,6.706034482659467555e-01,3.123464121943861915e-01,8.685098008864368391e-02,5.959918195055780021e-01
3.751561658868151072e-01,1.291723816039352102e-01,2.028776824470464590e-01,3.659173145615953193e-01,6.510687177075836773e-01,1.206386945388979032e-01,1.672899979079019439e-01,2.101484950341153957e-01,3.734791040583471666e-01,1.047368333941108426e-01,7.924614341127603767e-01,3.619140031817367209e-01,3.316347330147320083e-01,1.323805632011803568e-01,3.660939911334888386e-01,2.721743035906771802e-01,1.585429189318640353e-01,2.853885325814468077e-01,3.741252228823476744e-01,1.069049539634202017e-01,5.847364352746123872e-01,4.792670166398469433e-01,3.651248736545127938e-01,6.678734355738350503e-01,8.976160627595789476e-01,3.645179232746783016e-01,8.393900836081449324e-01,3.960364538956309688e-01,1.270125092898223562e-01,6.401531047218709247e-01
7.187618675464020335e-01,3.273064732806754695e-01,4.425585891582699549e-01,4.322754750300125126e-01,7.812643062826324369e-01,4.855767387919648348e-01,4.644152029513284319e-01,7.051893507488172785e-01,5.575703059510581650e-01,3.053096211472942079e-01,9.281084492184781265e-01,4.475254757185684884e-01,4.117848368171201368e-01,5.410548323607965449e-01,6.710708939765354097e-01,4.550892120167671639e-01,5.506838385117791557e-01,3.963492942990712309e-01,5.784599856852349342e-01,2.825176505943510219e-01,7.818508835637069110e-01,5.775398626410656044e-01,6.025919657242438943e-01,8.843917671268889391e-01,9.749580259144731142e-01,8.125610732673645975e-01,9.781799213649061686e-01,6.022818277926121899e-01,2.771493500349729300e-01,7.316193994833714020e-01
5.753620341046814524e-01,2.242968158681082069e-01,3.253784373006627373e-01,4.027521492928389790e-01,7.288102171801869034e-01,2.885073419989658827e-01,3.136240472779424082e-01,4.775199141827260463e-01,4.758543198175152478e-01,1.975049830994850542e-01,8.833276418146774889e-01,4.093131848276341800e-01,3.758065611763083957e-01,3.249417236627262784e-01,5.399511358287362173e-01,3.700205883285673236e-01,3.504854943060808914e-01,3.455829726573784733e-01,4.881014446246689786e-01,1.894390401393789836e-01,7.041640986024606530e-01,5.347805989040860242e-01,4.978912552090034027e-01,8.098996626807299926e-01,9.529667946871153150e-01,6.412247221365233729e-01,9.459018113225562407e-01,5.120742487069895876e-01,2.005036851948807375e-01,6.933582982773988101e-01
6.796732052897063170e-01,2.946348482315689910e-01,4.068719857967235121e-01,4.235591959608012713e-01,7.666777018845660763e-01,4.242261023850979473e-01,4.181379011609250296e-01,6.433734735462435239e-01,5.337351786519396457e-01,2.704882901261637662e-01,9.169429116383976952e-01,4.362359829316214688e-01,4.011188522620859898e-01,4.755079765066232422e-01,6.343497907220186915e-01,4.296359097085716838e-01,4.907276135662487770e-01,3.811751021308883436e-01,5.522364580963456948e-01,2.525688442370430664e-01,7.606929946590295089e-01,5.650933883523981960e-01,5.724242827120346044e-01,8.656543640780351989e-01,9.698320973771128450e-01,7.697574888511860003e-01,9.714408524975108872e-01,5.762677735103242105e-01,2.529174361445395980e-01,7.207185506556612609e-01
9.526856073305451922e-01,7.255992043490233634e-01,8.006499355643338367e-01,5.305727966752757929e-01,9.000999926977207855e-01,9.364775518518591024e-01,8.745007780792860563e-01,9.820444551218073803e-01,7.855192532532984107e-01,7.434407019003090866e-01,9.865324346181050252e-01,5.737571962601000219e-01,5.334292920919931902e-01,9.559887146049202977e-01,9.249430501155777584e-01,7.240960306005418401e-01,9.464382096043361114e-01,5.714595731952939461e-01,8.176754603766600571e-01,6.824044418261543399e-01,9.313621355437121663e-01,7.060991957164194366e-01,8.578805316042489304e-01,9.808983421966960270e-01,9.969401353032585344e-01,9.872442085956532054e-01,9.989579205796351724e-01,8.330944548990304455e-01,6.040084926798566789e-01,8.335633069953728436e-01
1.839141175946833184e-01,6.227456246361567221e-02,1.054582230064146225e-01,3.235959624665005196e-01,5.459914467694787499e-01,3.587645529959361534e-02,6.950981691266562568e-02,5.680122473839101932e-02,2.642954852694363588e-01,4.560661373013361053e-02,6.261530141235247537e-01,3.082819988738640937e-01,2.821836966473703079e-01,3.685291639451204748e-02,1.973763652869584828e-01,1.784075099358848615e-01,5.040851397300974424e-02,2.219685486179130696e-01,2.541243997035977920e-01,5.077298901300629497e-02,4.280633684926065663e-01,4.132267748551451958e-01,2.298735529377979869e-01,4.488578985565839785e-01,7.617827014099453065e-01,1.274110821182432296e-01,5.497849653543684934e-01,2.712628568527429840e-01,7.023076382166526521e-02,5.713311654471766587e-01
4.867614668875855921e-01,1.775036569849919033e-01,2.671104952143376066e-01,3.864454487243990100e-01,6.960767336709323683e-01,2.013890193352871061e-01,2.417003256068808448e-01,3.473188923054983390e-01,4.302019025639517436e-01,1.508543504858692597e-01,8.486845875229960257e-01,3.882731893808091805e-01,3.561402184327794318e-01,2.253587958414346448e-01,4.624045689042513563e-01,3.251926290180939816e-01,2.538714145365554287e-01,3.184383433175827505e-01,4.372666162368805676e-01,1.484370647860687176e-01,6.541033761619094999e-01,5.104747352792307069e-01,4.385147649843796902e-01,7.540453346521109879e-01,9.334894855079812759e-01,5.206326302250975369e-01,9.114967039952295291e-01,4.606255097137465504e-01,1.649582920601631864e-01,6.705667842889895258e-01
5.054797516379024858e-01,1.866481404470520244e-01,2.787806817899216028e-01,3.898489083322065896e-01,7.031313111965363793e-01,2.179039922349902680e-01,2.558263364156673214e-01,3.734827988840745960e-01,4.397138061740509807e-01,1.598304761127022910e-01,8.565959059954353361e-01,3.926584392472689533e-01,3.602311687170260956e-01,2.443461131219866744e-01,4.786582679484849834e-01,3.343736611191753805e-01,2.726418266928049006e-01,3.240429671986393978e-01,4.478652723792163060e-01,1.563881883890241853e-01,6.649484802753515833e-01,5.155851189965073855e-01,4.508911085179444500e-01,7.666304780067779712e-01,9.381179219906898847e-01,5.466495480204325297e-01,9.200597730796151730e-01,4.713931164680809638e-01,1.719752424173014438e-01,6.754230100731800635e-01
4.943133155185571725e-01,1.811507531191774711e-01,2.717822035518249746e-01,3.878175272860190370e-01,6.989348263575246856e-01,2.079381774106549008e-01,2.473359438074365924e-01,3.577764117531561650e-01,4.340344365851132591e-01,1.544255525947069441e-01,8.519193514554893598e-01,3.900406298514988990e-01,3.577885464732635246e-01,2.328925290818667782e-01,4.689557434219618348e-01,3.288817907581083611e-01,2.613421266371200313e-01,3.206937655733578252e-01,4.415371441743711212e-01,1.516046431845294029e-01,6.584997649434728428e-01,5.125372443436161385e-01,4.435006570552419980e-01,7.591782569493752408e-01,9.353946783299410539e-01,5.311526920857945200e-01,9.150475810306241131e-01,4.649666948902141383e-01,1.677617903547399536e-01,6.725308688580694527e-01
4.512079139935397665e-01,1.610436289007405042e-01,2.457322182769825225e-01,3.799852046622879675e-01,6.823648223210438957e-01,1.725289114147216252e-01,2.162636540967728394e-01,2.999799947425691449e-01,4.122082219297836247e-01,1.348873955003326852e-01,8.326055305123570838e-01,3.799600246353405097e-01,3.483961951362821718e-01,1.921165562648669001e-01,4.316537556467834325e-01,3.080533378415497014e-01,2.205080674529786844e-01,3.078943474527873758e-01,4.172182816700176211e-01,1.341999482170668501e-01,6.329764155709126650e-01,5.007229278552428609e-01,4.151333698817423756e-01,7.288036133840397612e-01,9.237602673473019887e-01,4.708203831931918604e-01,8.928447938536531181e-01,4.401990595263913231e-01,1.522148721105101576e-01,6.612038223258773773e-01
6.724916848329396402e-01,2.890765493449807821e-01,4.006715821318126980e-01,4.220276461502405763e-01,7.640377288989941285e-01,4.135971986266214206e-01,4.101051464397705293e-01,6.318856105455992189e-01,5.295148836741669918e-01,2.646162973206858671e-01,9.148181983519676486e-01,4.342526183807960960e-01,3.992482571392867996e-01,4.639779716424621281e-01,6.276972074591318229e-01,4.251839967411423782e-01,4.801383030713892164e-01,3.785235002414370498e-01,5.475797676968591210e-01,2.475136565575446201e-01,7.568214175338580096e-01,5.628906056883806741e-01,5.670438431280349079e-01,8.620973283759119088e-01,9.688287518522485930e-01,7.615418781636357215e-01,9.700595045613951140e-01,5.716340331965077404e-01,2.487947319062873419e-01,7.187693213462308384e-01
2.967147984170238062e-01,9.996143101027729627e-02,1.617162224176346141e-01,3.503971894524482988e-01,6.143364489391902605e-01,7.898652604125881715e-02,1.233403268747220172e-01,1.348213001517468979e-01,3.318842088908424137e-01,7.812785591742427149e-02,7.394474839709438418e-01,3.421159952326499054e-01,3.133195998305255969e-01,8.485613335448333183e-02,2.980863942309545100e-01,2.351712258090196683e-01,1.066681392779853105e-01,2.613438499664708647e-01,3.280575911422694002e-01,8.220166584321152159e-02,5.286387164968765484e-01,4.552804878682228384e-01,3.123109510958156365e-01,5.922137320811310390e-01,8.591039138626599403e-01,2.595185012241235656e-01,7.558738948439009953e-01,3.484437966339209991e-01,1.030608713773300128e-01,6.158711838686362627e-01
8.236080692452681928e-01,4.437013411957483333e-01,5.603380080518779449e-01,4.607703194507970501e-01,8.239295860126127913e-01,6.780316333264114759e-01,6.144025315735561765e-01,8.564200873735947628e-01,6.324590997037444762e-01,4.325455181182831788e-01,9.554180111098987682e-01,4.844067826234423335e-01,4.468564253072387915e-01,7.340545978250050396e-01,7.752363252876361965e-01,5.384667565965516323e-01,7.276089249398413061e-01,4.467428158425469364e-01,6.597559096838678805e-01,3.925548655417754884e-01,8.409326858408726624e-01,6.171104659945485515e-01,6.941583843635403817e-01,9.302538489934276678e-01,9.863747996323931622e-01,9.095570855459035320e-01,9.909602723705099869e-01,6.820523775699592894e-01,3.645920544299818822e-01,7.650268049482622512e-01
7.648871289460855705e-01,3.722736978351369186e-01,4.896903891487692784e-01,4.436432817465508216e-01,7.991887204878138640e-01,5.655288317361820694e-01,5.252455128270124840e-01,7.752223942909729493e-01,5.880806870538666242e-01,3.539719043466825199e-01,9.405287624402469682e-01,4.622482663343010501e-01,4.257425984335941327e-01,6.236931148506583700e-01,7.157146407988482784e-01,4.884375208921599709e-01,6.260763655345126244e-01,4.163287120395559593e-01,6.118062206193547459e-01,3.244017640116125256e-01,8.072344668301805193e-01,5.935363757908233007e-01,6.405611568648053034e-01,9.052786936070165158e-01,9.803576539395595368e-01,8.586007757441970201e-01,9.846464829422862941e-01,6.351636139565706163e-01,3.106244376048687417e-01,7.453508284027653419e-01
6.974608863221019028e-01,3.089700271227049377e-01,4.226871970151746538e-01,4.274403501122426285e-01,7.732643969097774406e-01,4.514092163992109441e-01,4.386454577484229511e-01,6.716873505220931628e-01,5.443891709857723304e-01,2.857045263907188604e-01,9.221044828643196745e-01,4.412626557678057670e-01,4.058640211541494902e-01,5.047663997181296436e-01,6.509482117932656742e-01,4.409481260046783091e-01,5.175329227774440044e-01,3.879147592375555287e-01,5.639747437531605900e-01,2.656598428426706349e-01,7.702977428227912871e-01,5.706545340166194746e-01,5.859572145203065796e-01,8.743080454682280456e-01,9.722326717229340387e-01,7.896452423949579247e-01,9.746648654018509328e-01,5.879291677264008031e-01,2.635474263165824560e-01,7.256127553771616334e-01
8.737347156121558767e-01,5.241007281204966839e-01,6.344855105328006672e-01,4.795225872636706410e-01,8.480710809009727180e-01,7.804972881531543338e-01,7.032940973291758047e-01,9.154707883710784255e-01,6.783296295741269022e-01,5.219841533552870283e-01,9.675689000732471401e-01,5.085996889869207616e-01,4.700623353687611861e-01,8.278715553456518217e-01,8.293299412575256824e-01,5.920381573757397264e-01,8.162437178319901232e-01,4.803089159000581421e-01,7.084582486592487793e-01,4.717345883058001732e-01,8.720180030389526049e-01,6.421624523185919253e-01,7.470493813915349834e-01,9.504276675835723331e-01,9.908700238303286278e-01,9.457079964117559578e-01,9.949371651877084721e-01,7.291953260460345421e-01,4.274376403393299606e-01,7.852224292973797315e-01
4.027628896026099747e-01,1.402751774317660960e-01,2.180360002591559265e-01,3.710917713745189306e-01,6.628064144847509720e-01,1.380379609695623344e-01,1.842748129179628547e-01,2.408799742688153001e-01,3.876342425501947409e-01,1.151178967410672743e-01,8.080740270501692857e-01,3.685417710654860235e-01,3.377830705195377092e-01,1.523798879176721799e-01,3.898902903973042178e-01,2.851279784250838611e-01,1.796235541965540417e-01,2.935914412735012302e-01,3.898605675100738077e-01,1.163729528302906019e-01,6.028105074754441794e-01,4.871926159612017804e-01,3.833338798564128180e-01,6.912055081374499643e-01,9.080957230106606604e-01,4.028592066301676100e-01,8.612960431523803972e-01,4.122027140716192917e-01,1.358838976193486314e-01,6.480017854711486169e-01
8.205372536885594537e-01,4.394556993814334733e-01,5.562718544145528465e-01,4.597722162294745618e-01,8.225601371934778694e-01,6.718988415754076904e-01,6.093689234170113211e-01,8.524613330988356497e-01,6.299331829495000701e-01,4.278431598011068204e-01,9.546598731853613851e-01,4.831167369002277723e-01,4.456235849528464854e-01,7.282291632089369360e-01,7.720329389857790714e-01,5.355712324912956790e-01,7.221966205660291793e-01,4.449623592146506601e-01,6.570469118795062569e-01,3.884470966938103897e-01,8.391129961286951655e-01,6.157545081531683451e-01,6.911670712255725268e-01,9.289868415549552561e-01,9.860813193467093951e-01,9.071163975533650392e-01,9.906769152431708081e-01,6.794157842301196126e-01,3.613446106417882442e-01,7.639128909564463221e-01
8.881233189444780463e-01,5.520841478373171851e-01,6.591163680700277139e-01,4.860845746034610504e-01,8.558336861645575722e-01,8.102157946188837112e-01,7.313872164598023140e-01,9.302506078149375135e-01,6.936158359067918777e-01,5.531653535812395273e-01,9.710035003715027369e-01,5.170407521320234956e-01,4.781983666569683544e-01,8.537671413714086333e-01,8.456042029454496900e-01,6.102994572184878841e-01,8.413925969834238350e-01,4.920831716684724855e-01,7.244594512519942908e-01,4.999261365518496980e-01,8.815811826543329399e-01,6.507351813181764255e-01,7.640197917092289570e-01,9.560663661874064800e-01,9.920638253067033396e-01,9.547523557304012920e-01,9.958665527261345574e-01,7.445766376675836407e-01,4.500547138618924969e-01,7.919679312016142392e-01
1.621918127983152380e-01,5.538202855676241376e-02,9.471796260528160538e-02,3.172636995183219510e-01,5.290595030649049013e-01,2.949848594673024765e-02,6.021897532767804539e-02,4.564613428725577265e-02,2.493095204405072762e-01,3.993021912957778197e-02,5.957896833176767881e-01,3.003667457899730220e-01,2.749271672836772762e-01,2.995128611003469721e-02,1.772381196979636586e-01,1.663850059455581620e-01,4.179369050909140931e-02,2.130914698519201234e-01,2.379565504546991284e-01,4.507939536631085792e-02,4.042550871796224410e-01,4.031997871923787002e-01,2.123646117515748943e-01,4.144848127401074556e-01,7.322517785955319214e-01,1.056251650693002253e-01,4.935843296865266017e-01,2.542576239539391381e-01,6.387593612353925643e-02,5.603312856915715345e-01
1.313933950734086364e-01,4.570210440378472821e-02,7.935920334967222489e-02,3.071273386743808564e-01,5.014471038642478451e-01,2.141660672194672585e-02,4.757474090890250612e-02,3.185666085020030097e-02,2.262176012724319563e-01,3.213098056282773923e-02,5.450011192341074340e-01,2.877683145618814553e-01,2.633970455908400399e-01,2.133186565101903229e-02,1.480339324636472664e-01,1.482610130365527856e-01,3.073244852829057697e-02,1.992379279938476799e-01,2.132506385656373904e-01,3.711213122556522581e-02,3.665904407132858367e-01,3.870964994202575338e-01,1.860572451062063870e-01,3.605443451872608063e-01,6.796538584813812678e-01,7.722384398945460193e-02,4.033133709212473605e-01,2.281871772045073743e-01,5.469014393018644532e-02,5.423522857945958231e-01
5.479759783132410744e-01,2.088206129013548684e-01,3.064965128960780993e-01,3.976410057317695257e-01,7.188405136875598567e-01,2.590719513258809004e-01,2.899629920646056291e-01,4.356880931817174729e-01,4.615351246363452176e-01,1.818848524875682493e-01,8.733327050089153554e-01,4.027110122492217892e-01,3.696248926015263114e-01,2.914783219014123183e-01,5.157950927575905009e-01,3.557521943293582289e-01,3.184842530331162269e-01,3.369973818471931337e-01,4.721692857557684420e-01,1.757911899849972648e-01,6.889987556997393403e-01,5.272117003707021965e-01,4.792855967297036113e-01,7.935935736116772610e-01,9.475593443706930019e-01,6.047557563439426298e-01,9.368049248587417832e-01,4.960032311823808215e-01,1.888373141735563976e-01,6.863435613707362659e-01
7.500377889334772785e-01,3.569150833167071823e-01,4.738384970685309283e-01,4.398277970058976916e-01,7.933093041481380503e-01,5.389161761110187188e-01,5.048608589121297285e-01,7.531451509851035953e-01,5.779226219288596811e-01,3.372665317748640423e-01,9.366097406264736192e-01,4.573073913265207069e-01,4.210522871738910378e-01,5.965543707855506250e-01,7.011669302592904440e-01,4.772393040615275361e-01,6.013043645952276250e-01,4.096012946373382979e-01,6.007346482471221938e-01,3.100087435809763536e-01,7.989900704218844130e-01,5.881977186864184581e-01,6.280099475741341974e-01,8.986876844905753448e-01,9.786895658970641287e-01,8.443328122646494016e-01,9.827234953749417468e-01,6.242709597261217880e-01,2.991630114693705766e-01,7.408026531956327654e-01
5.729674027020860150e-01,2.229024285219469714e-01,3.236922419648433080e-01,4.023013834027369118e-01,7.279416133021849866e-01,2.858378211254655743e-01,3.114994624700536674e-01,4.738163520606932799e-01,4.745919569561658502e-01,1.960904181561601012e-01,8.824760865659535547e-01,4.087306884872712875e-01,3.752607700096854404e-01,3.219164946884449652e-01,5.378307020988978282e-01,3.687550599839422016e-01,3.476086897596058489e-01,3.448230873073434566e-01,4.866976000802207825e-01,1.882058391521384266e-01,7.028464862466493601e-01,5.341149511497248481e-01,4.962525388313756003e-01,8.085048441134591313e-01,9.525129152457356696e-01,6.380725447782247262e-01,9.451533644827505576e-01,5.106601432356971948e-01,1.994554671296989712e-01,6.927443551630140250e-01
3.473061685884938909e-01,1.184368545312184523e-01,1.879732097679086278e-01,3.605728876581806852e-01,6.386744517096965001e-01,1.045963526272370159e-01,1.509901214495502908e-01,1.813694331609532751e-01,3.589961902756492185e-01,9.483381320854798735e-02,7.752651494251271425e-01,3.550820122169444648e-01,3.253059954823886435e-01,1.140008660198211371e-01,3.420411982962337505e-01,2.591107245623532340e-01,1.388110942666301306e-01,2.770120198487130425e-01,3.580515826012174996e-01,9.779130338611227713e-02,5.657107854894146692e-01,4.710422343470858642e-01,3.466038825532941625e-01,6.427242715770142834e-01,8.856179126696718251e-01,3.264243251825313941e-01,8.137477147290126389e-01,3.794750932379387098e-01,1.183229560845322076e-01,6.319170196335688328e-01
7.902641438766029314e-01,4.008226306806174088e-01,5.185150312194906075e-01,4.505905554629039411e-01,8.095458828308216281e-01,6.128179001743579990e-01,5.620120434187328984e-01,8.116393730768435288e-01,6.063360307696465945e-01,3.852225999007434232e-01,9.470725509650944618e-01,4.712413253847334005e-01,4.342959161697368398e-01,6.709649690343770789e-01,7.410160106952715653e-01,5.088001315485318754e-01,6.693550920261183146e-01,4.286269931786697573e-01,6.316178813776973655e-01,3.513999144302025757e-01,8.215461026538450895e-01,6.031765505447753695e-01,6.628655544277748390e-01,9.162740244090842312e-01,9.830664225718687144e-01,8.817151972003393068e-01,9.876153138164462941e-01,6.545934628529029853e-01,3.320428368424375165e-01,7.534768100240113453e-01
4.569723223473540902e-02,1.830422724289693798e-02,3.374897842416360594e-02,2.623658267249884823e-01,3.752333550973099285e-01,4.709205608598546720e-03,1.539818794080223194e-02,5.719634712028324672e-03,1.389210364605582282e-01,1.147216473889858465e-02,3.128444836270614093e-01,2.333912981723258173e-01,2.138750488608995581e-01,4.279359082808534276e-03,5.995701594764640818e-02,8.421874306530653664e-02,7.116377413952313519e-03,1.435782921610571361e-01,1.228889209172157188e-01,1.475122661916760183e-02,2.160639710636155786e-01,3.156728135255962853e-01,9.572175998959757404e-02,1.632815133877455749e-01,3.937228125441636917e-01,1.651572225037445385e-02,1.092584732803488362e-01,1.320181008602410722e-01,2.610168620121353783e-02,4.578186201019171508e-01
1.697979512777491873e-01,5.778733874243502378e-02,9.848377060493634927e-02,3.195458581440296930e-01,5.351920277138659809e-01,3.166679344332035823e-02,6.343620478233602533e-02,4.941600054689401778e-02,2.546624170329279124e-01,4.190011637134974376e-02,6.068676631152057910e-01,3.032155852349195380e-01,2.775377848780360979e-01,3.228896440046456762e-02,1.843279293577725630e-01,1.706558644213849729e-01,4.473292400575404337e-02,2.162713013676806906e-01,2.437202612408317093e-01,4.706437648285412972e-02,4.128186316636707209e-01,4.068167718744062911e-01,2.185812969573480424e-01,4.268366673328477523e-01,7.431934317943593715e-01,1.130958428907956753e-01,5.139629594644115063e-01,2.603249577549853200e-01,6.610955387556384510e-02,5.643163674669391394e-01
3.876371874067027767e-01,1.341318334695009995e-01,2.096801119133159252e-01,3.682695569803259850e-01,6.564368181621731413e-01,1.283135578249780806e-01,1.748632189178532803e-01,2.237720452302860430e-01,3.798988972600790825e-01,1.093569286987668004e-01,7.996836888012150979e-01,3.649253737145268239e-01,3.344271878063355130e-01,1.411957788011626025e-01,3.768556440641834260e-01,2.780264194275742784e-01,1.678813876988463349e-01,2.891063358708637621e-01,3.812589698681656536e-01,1.111288133687601404e-01,5.929972157811362887e-01,4.828745901238418181e-01,3.733714061509781912e-01,6.786080655980329945e-01,9.025129321648445169e-01,3.817948056152614122e-01,8.496926715551229581e-01,4.033712855361762384e-01,1.309887667431909875e-01,6.437363059126393061e-01
3.458971896815402625e-01,1.179051660763237447e-01,1.872285076193270226e-01,3.602984241275609123e-01,6.380306102611181807e-01,1.038230386969938301e-01,1.501866888482814855e-01,1.799730917493629068e-01,3.582565846442946067e-01,9.434695165951539897e-02,7.743522297720955017e-01,3.547315454413892399e-01,3.249815885324701115e-01,1.131168259384068703e-01,3.408223209755428251e-01,2.584487528235582809e-01,1.378524137853325005e-01,2.765845312667171707e-01,3.572315798842330414e-01,9.734099063523156403e-02,5.647246737188578170e-01,4.706188205211607745e-01,3.456614594852537303e-01,6.414053873488563262e-01,8.849676545988384158e-01,3.245171451046134914e-01,8.123445800591783117e-01,3.786289277469330194e-01,1.178894560730079089e-01,6.314904964891050465e-01
7.513737395006369058e-01,3.582599258368644457e-01,4.752364859662998042e-01,4.401644058156375938e-01,7.938335097106929972e-01,5.412771615199608588e-01,5.066623637153597759e-01,7.551518716651209884e-01,5.788223191560581959e-01,3.387260147948220612e-01,9.369652433205142295e-01,4.577433222075406039e-01,4.214658579511805225e-01,5.989772122971209756e-01,7.024685203217410079e-01,4.782272944801967962e-01,6.035146751555310329e-01,4.101939707250850109e-01,6.017165488317974820e-01,3.112653929391270835e-01,7.997285055141144516e-01,5.886699511886909209e-01,6.291254186460679687e-01,8.992856382041113372e-01,9.788422636426630241e-01,8.456384177702611638e-01,9.829024045942150734e-01,6.252379877912975781e-01,3.001652112312503951e-01,7.412063523407705912e-01
6.159008399389253041e-01,2.492387540318745653e-01,3.550563819019273426e-01,4.105288473244559921e-01,7.434719125896005476e-01,3.366214547582669914e-01,3.513311936201383712e-01,5.412504358132025351e-01,4.975971722715021861e-01,2.230346009428249010e-01,8.971515546303653332e-01,4.193686072123866682e-01,3.852405912570373014e-01,3.790905104412607973e-01,5.761259246423988678e-01,3.920501185823330736e-01,4.015103140823456096e-01,3.587711687284690365e-01,5.122532674727094948e-01,2.116170820162196764e-01,7.262809766316546956e-01,5.462060332032213639e-01,5.260487609848185642e-01,8.326762573869573858e-01,9.601540165184306863e-01,6.933557734723317934e-01,9.573536865728601297e-01,5.363426010948824096e-01,2.191750672856259963e-01,7.038076477827633903e-01
1.421537412984422433e-01,4.907637746844287913e-02,8.475127145841652998e-02,3.108529274291836897e-01,5.116630967554025577e-01,2.411446856268070066e-02,5.192384690337863845e-02,3.640760997636641183e-02,2.345726272347457286e-01,3.482535669003871542e-02,5.639412924682414285e-01,2.923881458942667599e-01,2.676223715923328195e-01,2.419104881170780139e-02,1.583358486772873663e-01,1.547622259661124988e-01,3.444465454054269904e-02,2.042781091162608476e-01,2.221585792022144901e-01,3.988554379521657561e-02,3.803497417302122985e-01,3.930218600261831674e-01,1.954764763224999258e-01,3.801533351769469937e-01,6.997327411646829809e-01,8.679874678920236619e-02,4.362504748463986726e-01,2.375987999488136659e-01,5.793057053437009746e-02,5.490130185302579680e-01
8.501257416400073152e-01,4.833658043304921992e-01,5.975749433891978102e-01,4.700357362435076403e-01,8.362291360592383205e-01,7.318159567149488121e-01,6.597821254966981241e-01,8.890347408192288414e-01,6.555120108384725475e-01,4.766021156462303954e-01,9.618919519558239983e-01,4.963719336811692195e-01,4.583128657640599957e-01,7.841452225549633281e-01,8.033983711012903095e-01,5.651570880753318260e-01,7.745348674366469011e-01,4.633051446492785774e-01,6.843534982831067648e-01,4.312847250286312439e-01,8.570127024232609969e-01,6.295898918723129567e-01,7.210907271745826685e-01,9.410384712371397953e-01,9.888202114735277215e-01,9.295608889022155541e-01,9.932119560409119474e-01,7.059236243569941838e-01,3.952476556161978460e-01,7.751777963567365592e-01
8.252308868394567787e-01,4.459719093685082791e-01,5.625060404435581196e-01,4.613034318469265704e-01,8.246574556213939200e-01,6.812817356573515060e-01,6.170805440462681091e-01,8.584976040192418001e-01,6.338049667024765466e-01,4.350616010085550101e-01,9.558178888273261009e-01,4.850957479406644013e-01,4.475150257440650425e-01,7.371325411755170753e-01,7.769337785802313823e-01,5.400119047297543551e-01,7.304719020861643042e-01,4.476941351407719427e-01,6.611982502009857710e-01,3.947546820518326172e-01,8.418975387324256765e-01,6.178337976064904868e-01,6.957490766740893617e-01,9.309218314209186662e-01,9.865290087685101295e-01,9.108366186460881142e-01,9.911080715903711758e-01,6.834555555319103970e-01,3.663312605140966460e-01,7.656201370342684553e-01
8.611928293858059913e-01,5.017391264032793341e-01,6.143836828727784471e-01,4.743112981856403287e-01,8.416583765781362469e-01,7.545854373583577024e-01,6.797946211966026109e-01,9.017513238051239055e-01,6.658977426148361412e-01,4.970629132615466128e-01,9.645612423702097926e-01,5.018860359077202959e-01,4.636060115743617094e-01,8.047938559596035102e-01,8.154436524918540208e-01,5.773357622395827171e-01,7.941274351572784607e-01,4.709643385834796359e-01,6.953564388497945892e-01,4.494439419889441623e-01,8.639527405148779149e-01,6.352820777864410795e-01,7.329961676232337187e-01,9.454626747921121011e-01,9.897955096937068875e-01,9.373290602871617860e-01,9.940523312439536463e-01,7.165612714265547911e-01,4.096682676039734572e-01,7.797479656447539043e-01
6.733110650927033314e-01,2.897043719391298455e-01,4.013738734683267029e-01,4.222014278390470721e-01,7.643384460720565876e-01,4.147999093440962182e-01,4.110146741815918214e-01,6.331975154385504068e-01,5.299941815781847865e-01,2.652787449688360777e-01,9.150618468861998478e-01,4.344776587842685833e-01,3.994604542574251016e-01,4.652851158665217146e-01,6.284548793574535885e-01,4.256887673462663724e-01,4.813396474883796516e-01,3.788241396701769736e-01,5.481088148639294833e-01,2.480840740363093877e-01,7.572630375718861773e-01,5.631407849262743959e-01,5.676554339234076707e-01,8.625050577008959163e-01,9.689442538877377498e-01,7.624845359744576445e-01,9.702195122394644544e-01,5.721606887148158460e-01,2.492604586343151463e-01,7.189910077882777362e-01
9.497696615842623480e-01,7.152149178864746215e-01,7.926517428612714911e-01,5.275750946715109801e-01,8.975370842801779769e-01,9.313119807137492101e-01,8.673675077023811353e-01,9.802840685035452140e-01,7.799940334363735239e-01,7.323312752811264037e-01,9.858115765246664441e-01,5.699698898305231021e-01,5.297091915022873465e-01,9.520999541112061815e-01,9.210505631876378940e-01,7.170745724186472492e-01,9.421654148830497233e-01,5.661668346852081202e-01,8.122364296703875608e-01,6.710991774078886030e-01,9.287241512699256907e-01,7.025227689877118209e-01,8.526725784464056490e-01,9.797808986240407192e-01,9.967362591095958457e-01,9.860900806531186502e-01,9.988561513108852319e-01,8.279817173775003702e-01,5.939062657469381667e-01,8.309771960317650086e-01
5.188979134262570181e-01,1.934272142091166546e-01,2.873403406690048234e-01,3.922964809297038169e-01,7.081320629105988251e-01,2.303368633296584977e-01,2.662851342323976911e-01,3.927246073100162937e-01,4.465634425231755356e-01,1.665309320921125047e-01,8.620554150116013226e-01,3.958142375980569505e-01,3.631777497206788996e-01,2.586140271622032194e-01,4.903451693029906022e-01,3.410368434446228725e-01,2.866257301654032141e-01,3.280939761567610025e-01,4.554963755470021747e-01,1.623018373597518715e-01,6.726214191701948009e-01,5.192482926085875139e-01,4.598057847201226789e-01,7.753764546568400196e-01,9.412502849103842051e-01,5.651611735660063696e-01,9.257280645947469910e-01,4.791325536299332333e-01,1.771519348262013682e-01,6.788828296384207261e-01
2.300764672783387199e-01,7.723685698864822535e-02,1.282653721615871212e-01,3.355261885834565083e-01,5.771233054342593816e-01,5.139642840946934133e-02,9.035017646565181304e-02,8.456354586369005388e-02,2.936079004783681556e-01,5.823908070458121838e-02,6.798431905461317371e-01,3.232804523829989063e-01,2.959618126395340831e-01,5.391299620283352551e-02,2.392269416370480517e-01,2.025146765788944925e-01,7.102217240911469498e-02,2.391442050570639632e-01,2.860084080323805344e-01,6.319076681839101706e-02,4.730851002998473498e-01,4.320320147438031499e-01,2.649943794806874919e-01,5.137448726355998696e-01,8.104439512794202605e-01,1.779869958792242579e-01,6.498700561047685564e-01,3.046660669840202118e-01,8.360172422546954807e-02,5.915632832137982522e-01
6.952047865960363504e-01,3.071049511571499746e-01,4.206436995744723406e-01,4.269407146398075392e-01,7.724247499561639474e-01,4.478935804454219904e-01,4.359948272627858223e-01,6.681101100993109831e-01,5.430211128414501598e-01,2.837191250965093725e-01,9.214575288041815249e-01,4.406155182238246648e-01,4.052527768565937216e-01,5.010013097476676558e-01,6.488330310131399381e-01,4.394896560418948273e-01,5.140881065214297774e-01,3.870455585334425241e-01,5.624689035614151011e-01,2.639522752115388005e-01,7.690778595875243928e-01,5.699403275524855816e-01,5.842236554361996959e-01,8.732225103403354893e-01,9.719346719872161700e-01,7.871599178358469340e-01,9.742710022374073686e-01,5.864347182200649877e-01,2.621644372365596332e-01,7.249863472965073496e-01
3.373253562257169103e-01,1.146929876765961365e-01,1.827159788953336417e-01,3.586190470913501183e-01,6.340756589966513035e-01,9.919524243135237340e-02,1.453414418145426712e-01,1.716019436963712175e-01,3.537405457513692064e-01,9.141303106091770714e-02,7.687024051540248815e-01,3.525879840219089956e-01,3.229979296893210616e-01,1.078308246829895733e-01,3.334017578600190768e-01,2.544175991751436161e-01,1.321003712155171261e-01,2.739746320204888286e-01,3.522265871180613184e-01,9.462254876561425332e-02,5.586728102110311012e-01,4.680259150172991212e-01,3.399147745235486240e-01,6.332797100037027560e-01,8.809136115923534849e-01,3.129620556005316412e-01,8.035714510209550632e-01,3.734615596553604311e-01,1.152637593067284694e-01,6.288731294559579688e-01
4.591016051071191151e-01,1.646019205315180367e-01,2.503953124240597683e-01,3.814214171302776624e-01,6.854494534841979458e-01,1.786640303469434476e-01,2.217602731247225456e-01,3.102114537458580124e-01,4.161999969597220406e-01,1.383176390875004991e-01,8.363034107016920071e-01,3.818068889021775658e-01,3.501153607946221880e-01,1.991871104277706805e-01,4.384702530781853791e-01,3.118297964639787367e-01,2.276624539087086230e-01,3.102275103394351308e-01,4.216652621394963996e-01,1.372695600526617210e-01,6.377328547108754853e-01,5.028966313484217743e-01,4.203152677809557924e-01,7.345678305156088106e-01,9.260358075629558927e-01,4.819068024470579692e-01,8.972802514928167605e-01,4.447364991484841212e-01,1.549831912864010619e-01,6.633018315330724279e-01
3.049051225837508539e-01,1.028717512254329752e-01,1.659055445343483315e-01,3.520954381295152147e-01,6.184641528246472841e-01,8.284207726199399602e-02,1.276548935051706746e-01,1.418582729434625100e-01,3.363621694607863977e-01,8.072951835569952550e-02,7.457077981704766101e-01,3.442758503855153918e-01,3.153140865063763232e-01,8.922357743614893477e-02,3.052340358118604269e-01,2.390789402868279956e-01,1.115613198029562353e-01,2.639325109966195737e-01,3.330014179205474933e-01,8.464946831028416496e-02,5.348926620941113486e-01,4.579198429506699530e-01,3.179361247014969027e-01,6.008592243408429345e-01,8.638861124216536957e-01,2.701039253645339255e-01,7.663780137010507421e-01,3.535699189013652433e-01,1.054941091740338871e-01,6.185823395316799589e-01
4.948538931381107897e-01,1.814139768228734961e-01,2.721184844258001112e-01,3.879157866504294727e-01,6.991387742510823955e-01,2.084128283437636231e-01,2.477426130143375316e-01,3.585301474388416509e-01,4.343090147288906633e-01,1.546837516171530869e-01,8.521486379704539260e-01,3.901672255826256208e-01,3.579066362964701264e-01,2.334383391146488129e-01,4.694250063999654277e-01,3.291466181079154563e-01,2.618821698916828922e-01,3.208554947796623535e-01,4.418430979308919371e-01,1.518334415652859981e-01,6.588133548324152100e-01,5.126848293042471916e-01,4.438579142963260393e-01,7.595427686101983156e-01,9.355290551184609615e-01,5.319045959597399342e-01,9.152966761880668711e-01,4.652775770746421791e-01,1.679638700860600353e-01,6.726711953019679502e-01
7.036625630053329195e-01,3.141704834383680645e-01,4.283631752666001713e-01,4.288255643802562633e-01,7.755795265662377425e-01,4.611750260386252576e-01,4.460079712328843815e-01,6.814951183566040349e-01,5.481763729607755931e-01,2.912491872182708663e-01,9.238717171150603313e-01,4.430568502874169257e-01,4.075592419072541217e-01,5.151949763705265806e-01,6.567780099767497326e-01,4.449946637446838271e-01,5.270684826639500109e-01,3.903269483478496449e-01,5.681410460275077012e-01,2.704280320236206459e-01,7.736542510034638553e-01,5.726319889503226346e-01,5.907495110081035783e-01,8.772744428756127366e-01,9.730424295468557139e-01,7.964202873241084113e-01,9.757257859076832185e-01,5.920616094936742568e-01,2.674039540618906585e-01,7.273438311788378297e-01
2.947122694662994702e-01,9.925421947983345539e-02,1.606951028350959987e-01,3.499784684242494559e-01,6.133147462457130272e-01,7.806015525826677515e-02,1.222945199036730990e-01,1.331298463401191234e-01,3.307832147694008684e-01,7.749741468340824724e-02,7.378865227287014772e-01,3.415837231661890683e-01,3.128282129779666465e-01,8.380805913496812420e-02,2.963365146531137806e-01,2.342132386404537359e-01,1.054894468969141408e-01,2.607072343754343602e-01,3.268427413897044831e-01,8.160729508488973050e-02,5.270931397821341235e-01,4.546292050360002945e-01,3.109304692408635384e-01,5.900700982539407446e-01,8.579017613142096987e-01,2.569468075407484453e-01,7.532317349607967616e-01,3.471834714096260210e-01,1.024677936133591427e-01,6.152006754653686071e-01
9.057465761254408498e-01,5.904394620957702511e-01,6.919845706441457578e-01,4.952219191675659715e-01,8.660822309210358672e-01,8.462922072998929623e-01,7.675561760899441976e-01,9.468601630354595011e-01,7.141904960429186211e-01,5.958119217749651142e-01,9.752008383475365694e-01,5.287678061188888501e-01,4.895365540929655368e-01,8.843366554406312252e-01,8.661105961182549162e-01,6.351913760858250990e-01,8.716491410925646388e-01,5.084767565911876286e-01,7.457938711602242199e-01,5.391116150076499247e-01,8.938531131961242604e-01,6.625013518562601345e-01,7.862924985359657226e-01,9.629018118304377705e-01,9.934713166538097218e-01,9.649763505149836496e-01,9.968836811823046373e-01,7.650007116712216337e-01,4.818485817107427960e-01,8.010911363219972436e-01
1.916436325870835566e-01,6.474654484360710394e-02,1.092729375209030157e-01,3.257226695921853210e-01,5.516173989166541780e-01,3.828537098557086710e-02,7.289327625539854250e-02,6.106133279561122562e-02,2.694204446229777061e-01,4.766540597259016215e-02,6.360762238385999634e-01,3.109476707943985563e-01,2.846297712433821236e-01,3.947832077932336009e-02,2.044659328648775753e-01,1.825659730330986830e-01,5.363898271944219504e-02,2.249876002618342585e-01,2.596754300443798180e-01,5.281910675340915212e-02,4.360850205167812743e-01,4.165877470712584518e-01,2.359340234188169738e-01,4.604494621096411611e-01,7.711197799865102676e-01,1.354890423251310927e-01,5.683212572390845541e-01,2.770910779540053936e-01,7.247734136602297650e-02,5.749850650970561583e-01
7.925790368894326532e-01,4.035878020404355393e-01,5.212641338098993327e-01,4.512550160320965564e-01,8.105132250606426059e-01,6.172389391355264099e-01,5.654939814122089681e-01,8.148684317222926188e-01,6.080646946673414766e-01,3.882616521511096375e-01,9.476606131841109892e-01,4.721011594627987917e-01,4.351148225018429128e-01,6.753203341847838770e-01,7.433539580099497446e-01,5.107441331760669279e-01,6.733549965904894741e-01,4.298062554035731453e-01,6.334878830281662765e-01,3.540318780008134825e-01,8.228682914989912112e-01,6.040930586452124551e-01,6.649598448610697377e-01,9.172610583325402356e-01,9.833050260049853719e-01,8.837421813527931436e-01,9.878672471531314558e-01,6.564233257827014612e-01,3.341267802426746703e-01,7.542435803344588185e-01
5.674754111542734680e-01,2.197351609557539054e-01,3.198512021705275377e-01,4.012705844615362394e-01,7.259475739323428822e-01,2.797856495285864775e-01,3.066679222302283181e-01,4.653535204845842821e-01,4.717047257935517712e-01,1.928825347594103623e-01,8.805073156037657167e-01,4.073988143079068647e-01,3.740131104708299681e-01,3.150504945266902057e-01,5.329737977834487772e-01,3.658661466122602457e-01,3.410680697216948998e-01,3.430873397721340146e-01,4.834862151358748084e-01,1.854073099060588314e-01,6.998188913169257619e-01,5.325913944048323856e-01,4.925032659594629769e-01,8.052839440842932683e-01,9.514586670656275391e-01,6.308153889081845600e-01,9.434039628246850828e-01,5.074238492361490271e-01,1.970724805243528888e-01,6.913369912363731551e-01
5.342325425388001481e-01,2.014200136783145523e-01,2.973347402072082923e-01,3.951065955629238236e-01,7.137986296570588696e-01,2.451777097105853342e-01,2.785941281240960632e-01,4.151773073069072173e-01,4.544338832387264104e-01,1.744796880699743813e-01,8.680931128327417090e-01,3.994395740143181217e-01,3.665654260145801424e-01,2.756089858095320810e-01,5.037435925634451417e-01,3.487466518703531415e-01,3.031584858374277158e-01,3.327656322509732201e-01,4.642625970789112655e-01,1.692953805680762480e-01,6.812977858573620038e-01,5.234415365437264933e-01,4.700480334589027809e-01,7.851048750210419813e-01,9.446552388355146102e-01,5.861404384697354031e-01,9.317649429258776372e-01,4.880094270873640561e-01,1.832306521958118606e-01,6.828216993541628144e-01
5.694898691045702233e-01,2.208919924464225193e-01,3.212558944891231727e-01,4.016482044698478915e-01,7.266793150515360455e-01,2.819942649743179541e-01,3.084335190475315791e-01,4.684525430208655861e-01,4.727624989993862159e-01,1.940533569295606886e-01,8.812320299113618471e-01,4.078867028368559633e-01,3.744701031912615607e-01,3.175572735992439610e-01,5.347543124517268875e-01,3.669236384879063784e-01,3.434579240190994143e-01,3.437228946010321695e-01,4.846628348337995162e-01,1.864290407925314474e-01,7.009303528097295954e-01,5.331497510531001405e-01,4.938770553344025149e-01,8.064689390329594643e-01,9.518475342456765853e-01,6.334817390058467002e-01,9.440510114550177967e-01,5.086098273302896988e-01,1.979431878568217174e-01,6.918531129575208327e-01
3.687591484738851899e-01,1.266671294633348321e-01,1.994217764020819739e-01,3.647022413876028768e-01,6.482748402135085630e-01,1.168237311294520880e-01,1.634740067915769479e-01,2.033397374942549352e-01,3.701733419016991489e-01,1.024136967342766519e-01,7.886482608709672881e-01,3.603594837716969090e-01,3.301939213715345822e-01,1.280035074868177691e-01,3.605748156499493096e-01,2.691755911112955757e-01,1.538770118730205805e-01,2.834754363401706945e-01,3.704537993799303375e-01,1.047745672864923011e-01,5.804413796040347462e-01,4.774004827420597064e-01,3.608868226361226506e-01,6.622467730731425029e-01,8.949966498923108693e-01,3.557071836182254532e-01,8.338366127816257967e-01,3.922578501245614357e-01,1.249951066874469136e-01,6.382921768134319773e-01
8.599581744603965738e-01,4.996294063962616883e-01,6.124672356016320762e-01,4.738203152618629677e-01,8.410426727337140251e-01,7.520392736007147638e-01,6.775290447974451347e-01,9.003603940455453536e-01,6.647135019238429310e-01,4.947124806497151805e-01,9.642642360444463323e-01,5.012530857813124463e-01,4.629979868030530410e-01,8.025018053859430678e-01,8.140905541290653913e-01,5.759422835513824390e-01,7.919440922102298774e-01,4.700843977959975883e-01,6.941044135574525598e-01,4.473516951562169774e-01,8.631707690572044678e-01,6.346305724557190775e-01,7.316461093003978622e-01,9.449711757882337526e-01,9.896879810273757627e-01,9.364797000222971901e-01,9.939613795099806470e-01,7.153520774853745490e-01,4.080045445927777958e-01,7.792267733391002871e-01
8.042077224033671312e-01,4.179300800417442563e-01,5.354058713070929398e-01,4.546816014543005324e-01,8.154381356638032985e-01,6.397000809259631993e-01,5.833265114528415340e-01,8.308299958120509698e-01,6.169285368524515256e-01,4.040549174692917300e-01,9.505941503404639059e-01,4.765342874968462872e-01,4.393400622427848234e-01,6.972741810146048103e-01,7.551803247028450183e-01,5.207548863764560609e-01,6.935598882083482408e-01,4.358951965755482605e-01,6.430591270730871001e-01,3.677317847482123314e-01,8.295596105879750048e-01,6.088039979764618970e-01,6.756474752969916509e-01,9.221810766273388360e-01,9.844830754672401207e-01,8.937142488205831459e-01,9.890873093798309146e-01,6.657780157671457921e-01,3.449666701537049684e-01,7.581691043513956174e-01
1.591656624957118737e-01,5.442713513907584955e-02,9.321754766758499899e-02,3.163342556629279434e-01,5.265525551624894440e-01,2.865502907286424789e-02,5.894958500989670724e-02,4.418673299752844813e-02,2.471453098067394882e-01,3.915156504350484484e-02,5.912368829918317470e-01,2.992077781085475396e-01,2.738654735524840844e-01,2.904455987164850442e-02,1.744050342107656137e-01,1.646656931223507425e-01,4.064728858173669024e-02,2.118027761558660682e-01,2.356299744574066324e-01,4.429194591095001604e-02,4.007744078510446784e-01,4.017257297452916931e-01,2.098633479917553779e-01,4.094705683202976010e-01,7.276994772914703313e-01,1.027015742374320639e-01,4.852646712471111456e-01,2.518068967687400184e-01,6.298417692740251872e-02,5.587016426967900129e-01
3.208578936296254125e-01,1.086261664268607235e-01,1.741292848933065351e-01,3.553421904271116261e-01,6.262828402881540635e-01,9.066648503985268170e-02,1.362340598406293346e-01,1.561158627438862245e-01,3.449773685803229628e-01,8.590731029249368267e-02,7.573608384662380288e-01,3.484097655346310995e-01,3.191339065904150174e-01,9.811112757209007607e-02,3.191168437405270120e-01,2.466484958642516656e-01,1.214309828959928006e-01,2.689111120798419186e-01,3.425248420680312988e-01,8.949810965280474706e-02,5.467790554143389103e-01,4.629561650581492938e-01,3.288037141134138031e-01,6.171583759775837175e-01,8.726209549363656004e-01,2.910134813898421768e-01,7.855128854166982810e-01,3.634319463026118302e-01,1.102717195102586034e-01,6.237285465705824095e-01
1.194426439459462252e-01,4.195720604028529283e-02,7.332430318006305514e-02,3.027054098444625918e-01,4.892307764388698632e-01,1.857649279383000174e-02,4.282847887858524244e-02,2.713466061203680113e-02,2.165067472456357611e-01,2.917327736701523511e-02,5.221865680939662413e-01,2.823018061043445215e-01,2.584013421799734034e-01,1.834491539178475378e-02,1.364496856274875769e-01,1.407853185478031843e-01,2.680062835595537624e-02,1.933346476754836119e-01,2.029447764902291562e-01,3.403896165616951408e-02,3.504208488741860639e-01,3.800551768168356492e-01,1.752589214956118691e-01,3.376983157748825737e-01,6.547467590143367655e-01,6.705014065015733882e-02,3.650664569016019434e-01,2.172824028947396013e-01,5.103971769754338250e-02,5.343681928722806562e-01
5.144787586269081725e-01,1.911730893205547677e-01,2.845026912816470688e-01,3.914894133530566478e-01,7.064898144381840384e-01,2.261861155859022365e-01,2.628091039474912405e-01,3.863443883133281243e-01,4.443041491136506260e-01,1.642986779860084179e-01,8.602760911791668130e-01,3.947734449594952899e-01,3.622057182285962074e-01,2.538534893354977839e-01,4.864926014159989820e-01,3.388342531266087532e-01,2.819709172518476414e-01,3.267563220829708959e-01,4.529794773122183815e-01,1.603336550847778985e-01,6.701031549197595805e-01,5.180415045547720476e-01,4.568653176592763487e-01,7.725206502990521473e-01,9.402349666294474995e-01,5.590791502129179857e-01,9.239024621732404574e-01,4.765811584752581709e-01,1.754328623119452979e-01,6.777449811967123372e-01
4.108588291388396985e-01,1.436263097001400368e-01,2.225618868155467833e-01,3.725914419913252118e-01,6.661593506127279074e-01,1.434396892570245496e-01,1.894208679492445369e-01,2.503036719575130187e-01,3.917581853840245154e-01,1.182776941724239389e-01,8.124119419113207119e-01,3.704648939107131889e-01,3.395687267706662960e-01,1.585979511820288512e-01,3.968657301775358470e-01,2.889364815032643974e-01,1.861038431013888883e-01,2.959854533212191163e-01,3.944486704303303837e-01,1.192391738863971817e-01,6.079798076683268215e-01,4.894824556472348043e-01,3.886556805630779765e-01,6.977714996531469982e-01,9.109372588676163396e-01,4.141781923081024330e-01,8.671366739430391712e-01,4.169077457947160670e-01,1.385408420197792867e-01,6.502534648315171362e-01
5.758813507350100114e-01,2.246002997391452205e-01,3.257450436697302276e-01,4.028500144259893334e-01,7.289985264679077481e-01,2.890887431605772551e-01,3.140862487236846246e-01,4.783241513615018037e-01,4.761283700545868025e-01,1.978130432133812233e-01,8.835117718961338351e-01,4.094396553728354982e-01,3.759250725251963576e-01,3.256003260977199942e-01,5.404112096114767061e-01,3.702955211124308588e-01,3.511113817202204945e-01,3.457480180023018712e-01,4.884061891658684762e-01,1.897075355823892029e-01,7.044496521131268230e-01,5.349250683558460784e-01,4.982469627501459053e-01,8.102013934473372148e-01,9.530647677650094796e-01,6.419073374049835135e-01,9.460629927953139173e-01,5.123811701833035359e-01,2.007317561550258367e-01,6.934914705744250618e-01
5.330091824103000420e-01,2.007723538785909922e-01,2.965287698138833750e-01,3.948817888478801108e-01,7.133482577837293448e-01,2.439684212693190024e-01,2.775978036960766171e-01,4.133688267158047713e-01,4.538040857154723162e-01,1.738336798936150895e-01,8.676190151672483752e-01,3.991494715617120437e-01,3.662942349632462569e-01,2.742258067846396474e-01,5.026729020151008420e-01,3.481275970497120786e-01,3.018177008019199969e-01,3.323911059176342664e-01,4.635612257960003424e-01,1.687278386755985127e-01,6.806089805950535920e-01,5.231065788146692652e-01,4.692285582806072775e-01,7.843388808870650486e-01,9.443901310214392053e-01,5.844744343064331993e-01,9.312997644980263168e-01,4.872997465843210696e-01,1.827390295107551021e-01,6.825079058240631769e-01
5.101221851173535216e-01,1.889716928651654360e-01,2.817232271800589882e-01,3.906947601295138184e-01,7.048663759445705779e-01,2.221482816403066718e-01,2.594127369068451316e-01,3.800956593342101897e-01,4.420802345635684860e-01,1.621227323463719783e-01,8.585040954682159331e-01,3.937488463175065068e-01,3.612490412651585547e-01,2.492196640432776111e-01,4.826980925624529406e-01,3.366707659858665380e-01,2.774295492950719089e-01,3.254410333388637055e-01,4.505018342292719802e-01,1.584132647760409518e-01,6.676122336548977465e-01,5.168522062256957206e-01,4.539709042977244091e-01,7.696817592857003731e-01,9.392184833073298211e-01,5.530689084929039101e-01,9.220634383146046886e-01,4.740683699124508821e-01,1.737518692473703497e-01,6.766217524881590339e-01
5.305689626817703397e-01,1.994857525360802797e-01,2.949256617852525908e-01,3.944337178304196945e-01,7.124490742579858704e-01,2.415695080435725783e-01,2.756179635999558841e-01,4.097702156066913570e-01,4.525488829110548283e-01,1.725513530854130284e-01,8.666694831565392443e-01,3.985712971126696980e-01,3.657538062828548653e-01,2.714810479642245089e-01,5.005381712501684177e-01,3.468949003640355855e-01,2.991546181200338550e-01,3.316450340829972254e-01,4.621633140552129926e-01,1.676008408443003250e-01,6.792333357995707921e-01,5.224387019804490606e-01,4.675952459189824384e-01,7.828057939030073076e-01,9.438580075036191452e-01,5.811471393197790158e-01,9.303635478493592625e-01,4.858849912675042293e-01,1.817619244851759741e-01,6.818817913426761246e-01
8.020414507361084411e-01,4.151993277347595934e-01,5.327282894126197377e-01,4.540315852619205006e-01,8.145120469068998226e-01,6.354848082982484936e-01,5.799607143608762616e-01,8.278902712921554219e-01,6.152537274440471604e-01,4.010441325480425534e-01,9.500501964777904318e-01,4.756934664785285038e-01,4.385382670070325228e-01,6.931764032626147598e-01,7.529666275156416955e-01,5.188578949562828724e-01,6.897826979436664230e-01,4.347391968004160612e-01,6.412529122209822408e-01,3.651170497877457843e-01,8.283065606262679514e-01,6.079123370003346460e-01,6.736347052846010097e-01,9.212692997584729371e-01,9.842661858411343445e-01,8.918833280214673032e-01,9.888657000355401960e-01,6.640140921119896955e-01,3.428985908047680886e-01,7.574281219738540072e-01
3.558037897140863826e-01,1.216662034652656876e-01,1.924829343570084172e-01,3.622192965848221036e-01,6.425216670712132760e-01,1.093370960477037940e-01,1.558782517288351821e-01,1.899126899838607108e-01,3.634416428050821213e-01,9.779829695821344593e-02,7.806800593020005730e-01,3.571851534733657685e-01,3.272532499743094903e-01,1.194246793174359861e-01,3.493876699636945804e-01,2.631000962628467499e-01,1.446728397949087197e-01,2.795819243761951123e-01,3.629820733587298953e-01,1.005285249910672918e-01,5.716081272707778105e-01,4.735800578692898055e-01,3.522756332316313022e-01,6.505808574716214210e-01,8.894473350499130238e-01,3.379706044614731453e-01,8.219855438601225694e-01,3.845602765976970927e-01,1.209493530747273726e-01,6.344682815418024591e-01
4.615094956522734493e-01,1.656978818277538013e-01,2.518268684755518017e-01,3.818591561037483761e-01,6.863854960174058384e-01,1.805657524831576766e-01,2.234536964848279350e-01,3.133648044354762630e-01,4.174177011088636702e-01,1.393765922293759840e-01,8.374162854075719586e-01,3.823699395129168122e-01,3.506396221491360765e-01,2.013785364426098068e-01,4.405506148823644663e-01,3.129847414413268747e-01,2.298731956151694733e-01,3.109398858710935021e-01,4.230219264276441349e-01,1.382159098050372015e-01,6.391758948668591067e-01,5.035585043925642212e-01,4.218967019635073146e-01,7.363074076752217367e-01,9.267162009975042913e-01,4.852866549571880350e-01,8.985982016007283413e-01,4.461200139338839521e-01,1.558342681715455535e-01,6.639394020315410039e-01
7.263017976643597606e-01,3.341336421260328593e-01,4.498578016389338519e-01,4.340427417959528689e-01,7.841318306939650817e-01,4.980927490405152591e-01,4.738717277529310712e-01,7.169045016212626242e-01,5.623600554951806441e-01,3.126469818914708876e-01,9.301905781081640789e-01,4.498145995162427524e-01,4.139513981871865700e-01,5.542064464671874191e-01,6.782634153115796316e-01,4.602676250577755757e-01,5.626825557177671522e-01,3.994421691816716358e-01,5.837125572810852869e-01,2.888268445030547915e-01,7.859600807322016935e-01,5.800445010096184628e-01,6.086044250664790489e-01,8.878918810622531410e-01,9.758859645722028908e-01,8.204287738964953780e-01,9.793397688636692466e-01,6.074760023569250045e-01,2.822181274500022985e-01,7.337899589493015462e-01
5.109996065700497109e-02,2.011734372679596997e-02,3.688915688006644267e-02,2.667378933907620375e-01,3.876519301565028441e-01,5.501793064979884802e-03,1.730270905317566124e-02,6.826593730351327750e-03,1.463410249078508085e-01,1.275493891921363095e-02,3.344553233834577921e-01,2.386003070843686624e-01,2.186040226109906004e-01,5.046955731235120736e-03,6.598971546174578484e-02,8.938038109703498602e-02,8.273296873504264876e-03,1.486059019030563644e-01,1.303366433697363547e-01,1.622189315796230755e-02,2.291675326428110615e-01,3.226423406376377478e-01,1.027440268224428660e-01,1.786239360304310297e-01,4.229111287249974205e-01,1.940119876804888288e-02,1.274036162203764644e-01,1.399891369227999061e-01,2.817461920593295269e-02,4.664190412368218741e-01
6.703874967456978640e-01,2.874716517283760764e-01,3.988740594404116546e-01,4.215824760970145468e-01,7.632660306612019108e-01,4.105203802777881439e-01,4.077775990569545983e-01,6.285154068259576343e-01,5.282865945657893025e-01,2.629238337764322475e-01,9.141910346241342022e-01,4.336761504777151832e-01,3.987047447963230073e-01,4.606311457808003884e-01,6.257530654375041967e-01,4.238914026114978806e-01,4.770613351275436731e-01,3.777536372079559057e-01,5.462237709266344332e-01,2.460561709616238824e-01,7.556874255487431302e-01,5.622494581802706115e-01,5.654759151557245955e-01,8.610480204190182896e-01,9.685309156429972033e-01,7.591149216145642864e-01,9.696457265419700100e-01,5.702839140929467643e-01,2.476041191092016591e-01,7.182008374315006494e-01
8.451084800616307513e-01,4.754147844666330447e-01,5.902165117733412236e-01,4.681842545840384506e-01,8.338302907869959979e-01,7.215431987941246517e-01,6.509240286204710513e-01,8.830896472453818591e-01,6.509640863488085349e-01,4.677557660850012455e-01,9.606761516319843874e-01,4.939825995013572557e-01,4.560219355275177966e-01,7.747189728951094922e-01,7.979972645660285968e-01,5.598540462696822706e-01,7.656441121252938187e-01,4.599911985449991469e-01,6.795194662366191851e-01,4.234695523158555353e-01,8.539147778936885258e-01,6.271118548013419058e-01,7.158315974699073214e-01,9.390185281745397905e-01,9.883694558041260514e-01,9.259253414481554145e-01,9.928120964740227983e-01,7.012421662833122626e-01,3.890530968447618587e-01,7.731765255146300087e-01
4.165477895651165108e-01,1.460084609911687925e-01,2.257655286065651523e-01,3.736413211742137808e-01,6.684934746776115544e-01,1.473197059582623536e-01,1.930834286397604127e-01,2.570359461109216759e-01,3.946504756894662624e-01,1.205310787302580899e-01,8.153995385105703431e-01,3.718117969083570840e-01,3.408197973206711917e-01,1.630661921016866023e-01,4.017674674791660849e-01,2.916168628578678645e-01,1.907403734570790599e-01,2.976658079230534715e-01,3.976673505457474223e-01,1.212790302870549036e-01,6.115794123935744953e-01,4.910835498322244086e-01,3.923920623501456761e-01,7.023144385770329068e-01,9.128764532047880520e-01,4.221462367873896615e-01,8.710951023829045514e-01,4.202060976998325814e-01,1.404241000346656831e-01,6.518236509262343992e-01
5.458138158002768803e-01,2.076408491785568244e-01,3.050418387237366358e-01,3.972411209631741547e-01,7.180493258840290327e-01,2.568480746103754542e-01,2.881527005563034871e-01,4.324383029483797602e-01,4.604145958394396665e-01,1.807015035972482087e-01,8.725187310281711239e-01,4.021947299850935909e-01,3.691419048242329803e-01,2.889412490532868860e-01,5.138961929590993849e-01,3.546436613607018007e-01,3.160409668659204807e-01,3.363285434700155063e-01,4.709218708086543304e-01,1.747543443975784760e-01,6.877915806982356495e-01,5.266175787736698810e-01,4.778283132866635863e-01,7.922720948345094438e-01,9.471113013204219833e-01,6.018399097773533546e-01,9.360341446517725927e-01,4.947428730863644430e-01,1.879448373165162056e-01,6.857897963754477910e-01
7.517440076396890714e-01,3.586339103507013570e-01,4.756249067975121259e-01,4.402579230382699382e-01,7.939789553497055286e-01,5.419327016216591852e-01,5.071627797445039665e-01,7.557073632847247646e-01,5.790721558001399316e-01,3.391319948574390564e-01,9.370636688263657144e-01,4.578644321014598284e-01,4.215807644430764611e-01,5.996494075305366378e-01,7.028295119001950475e-01,4.785017814917483792e-01,6.041279378456944071e-01,4.103586581388081744e-01,6.019891687414095083e-01,3.116149759675271302e-01,7.999332760834265699e-01,5.888011049488875992e-01,6.294350445858263310e-01,8.994511882472018272e-01,9.788844916210682756e-01,8.459995129934378966e-01,9.829517803276283106e-01,6.255064441000063313e-01,3.004439549888257566e-01,7.413184243248556182e-01
5.876887404700353867e-01,2.316075176281616743e-01,3.341714127253042621e-01,4.050861952723938675e-01,7.332748900142798121e-01,3.025478037337891446e-01,3.247366025115732135e-01,4.967058122382567165e-01,4.823880453875967755e-01,2.049440383265653254e-01,8.876469606639669774e-01,4.123299861388795562e-01,3.786344972141681420e-01,3.408188229620282561e-01,5.508936380953287637e-01,3.765943327143398967e-01,3.655351611596082129e-01,3.495257603431781157e-01,4.953648735622734334e-01,1.959161795318076493e-01,7.109245517538381742e-01,5.382214137370885387e-01,5.063669180121241897e-01,8.169897956393682437e-01,9.552492180172582614e-01,6.573295017320512912e-01,9.496214783163766660e-01,5.193846579945459174e-01,2.059910733833457686e-01,6.965227550719317318e-01
5.791697231946733027e-01,2.265310803306349596e-01,3.280741715860711061e-01,4.034706303573400987e-01,7.301904390356190877e-01,2.927907715648893627e-01,3.170250295156728515e-01,4.834252217249773720e-01,4.778660958377543566e-01,1.997744754542608581e-01,8.846732412792632783e-01,4.102417196579554171e-01,3.766767448773294391e-01,3.297916406078455487e-01,5.433263081206128886e-01,3.720404650379172118e-01,3.550911738257206407e-01,3.467952202987691357e-01,4.903383713081446160e-01,1.914164990829205493e-01,7.062562483152058368e-01,5.358408249740296281e-01,5.005020705927829550e-01,8.121057465366782191e-01,9.536813877003192941e-01,6.462214498505155502e-01,9.470743442613982488e-01,5.143267355324557810e-01,2.021821784889943352e-01,6.943349922636109506e-01
8.320699633614829782e-01,4.557525705916092296e-01,5.717934710081145067e-01,4.635950932947286995e-01,8.277580012492727901e-01,6.950444472344485813e-01,6.285049581195856216e-01,8.671399360026977865e-01,6.395639176540470761e-01,4.459092080959908833e-01,9.574974610909435802e-01,4.880566954567310267e-01,4.503469578151032549e-01,7.500944463665354389e-01,7.841230796067198971e-01,5.466419596076014242e-01,7.425552914918590597e-01,4.517860227193763456e-01,6.673614233882143587e-01,4.042544055627145805e-01,8.459892786430507350e-01,6.209358241833374814e-01,7.025305455082674344e-01,9.337251056780746516e-01,9.871722516773604461e-01,9.161504057855885952e-01,9.917163494083168773e-01,6.894465843477072253e-01,3.738434898850658827e-01,7.681577121095446437e-01
3.844961237187561331e-01,1.328745962052608753e-01,2.079605274942886717e-01,3.676797311390980205e-01,6.550958024576447603e-01,1.263527977012973424e-01,1.729411355474872458e-01,2.203013079377140193e-01,3.782867024159597968e-01,1.081830904520026254e-01,7.978923871020585645e-01,3.641700274124571868e-01,3.337265837279732583e-01,1.389425783418231086e-01,3.741479709698725675e-01,2.765532313277192511e-01,1.655016705113356301e-01,2.881723385548454752e-01,3.794670284783741021e-01,1.100572337552779140e-01,5.909326428208977466e-01,4.819707173622309049e-01,3.712985289013420176e-01,6.759361642807723003e-01,9.013062510391207649e-01,3.774368773024862622e-01,8.471641032782919467e-01,4.015297250578455657e-01,1.299829068365687679e-01,6.428402119576104301e-01
9.533432145897630106e-01,7.279907242115429833e-01,8.024845405289001699e-01,5.312727373800889552e-01,9.006904088647045281e-01,9.376309410092784624e-01,8.761190147287213348e-01,9.824329044381089338e-01,7.867952889783976778e-01,7.459918658661401913e-01,9.866955492485028900e-01,5.746406667662877776e-01,5.342977717203778454e-01,9.568527494854004445e-01,9.258265642942921092e-01,7.257205863281660507e-01,9.473925322731813203e-01,5.726936286473985893e-01,8.189282137913095339e-01,6.850152142873672245e-01,9.319651946162476053e-01,7.069310085211264472e-01,8.590747360109526332e-01,9.811505189835076912e-01,9.969859004811065795e-01,9.874998857767488536e-01,9.989803593477666332e-01,8.342711146045759252e-01,6.063559373360870586e-01,8.341628293315883624e-01
8.347862026244072808e-01,4.597354497936976259e-01,5.755517913654574214e-01,4.645263574130654716e-01,8.290049135653393408e-01,7.005382934346827684e-01,6.331053745060255533e-01,8.705206128957434508e-01,6.418917566582431622e-01,4.503306118032548988e-01,9.581620949419689115e-01,4.892596142520114211e-01,4.514981524424896420e-01,7.552359227333150793e-01,7.869948324968969455e-01,5.493303493931768200e-01,7.473609922391063476e-01,4.534499471292857131e-01,6.698486419950258064e-01,4.081339961980245956e-01,8.476263461028166191e-01,6.221929924312705751e-01,7.052599938114894051e-01,9.348332688207664498e-01,9.874247787238328300e-01,9.182254197203750801e-01,9.919514668250163369e-01,6.918621255313895935e-01,3.769124745159407319e-01,7.691829218700599879e-01
6.800207133862483655e-01,2.949070414552638630e-01,4.071746322511909377e-01,4.236337981456354540e-01,7.668057045713053688e-01,4.247454548563391330e-01,4.185301280264829837e-01,6.439287022695120433e-01,5.339405279699154239e-01,2.707762554951211875e-01,9.170451144140236988e-01,4.363325968560217150e-01,4.012099973718247226e-01,4.760700892251722438e-01,6.346723941266820823e-01,4.298529507023913787e-01,4.912434501085640171e-01,3.813043794187301327e-01,5.524629449023048533e-01,2.528166961562465231e-01,7.608804020942434576e-01,5.652005672957749471e-01,5.726858065090870697e-01,8.658255459980295221e-01,9.698801387515645356e-01,7.701523623189040491e-01,9.715065014755305262e-01,5.764930347982304415e-01,2.531193017832552572e-01,7.208132385552268317e-01
8.617021636233483939e-01,5.026140256928325334e-01,6.151774093117493569e-01,4.745149262859011952e-01,8.419131440082853191e-01,7.556361568110815385e-01,6.807316951114353865e-01,9.023230584895280959e-01,6.663882423030702551e-01,4.980376953617697833e-01,9.646837138947562673e-01,5.021485223488800775e-01,4.638581948337816563e-01,8.057384540253293981e-01,8.160025508873771649e-01,5.779132864320838392e-01,7.950278874615535063e-01,4.713293084056325855e-01,6.958748155219962594e-01,4.503121382433781794e-01,8.642759225547883561e-01,6.355521156631180890e-01,7.335547763392551435e-01,9.456652864520237456e-01,9.898397762554793644e-01,9.376781768851533139e-01,9.940896488187385138e-01,7.170618193974189758e-01,4.103588325731062914e-01,7.799638479789375856e-01
6.216284498007630388e-01,2.529833441671828775e-01,3.594351452980141803e-01,4.116537720348316109e-01,7.455422617625592219e-01,3.438787219213212398e-01,3.569379137913838429e-01,5.503763592740075206e-01,5.007344221482035174e-01,2.269028271717197787e-01,8.990204819653345725e-01,4.208239967084383415e-01,3.866079796408407043e-01,3.871907856851071195e-01,5.812836668325751521e-01,3.952649745022947525e-01,4.090758634027479856e-01,3.606907479210335055e-01,5.157330548597044428e-01,2.149663174343204863e-01,7.293831636109692207e-01,5.478494622294236560e-01,5.300986668065911234e-01,8.357735366243012054e-01,9.610991895397026363e-01,7.005164908847111294e-01,9.588005464138606992e-01,5.398298033492253678e-01,2.219675213893099186e-01,7.052969738023578961e-01
8.112559541159795051e-01,4.270118177639106727e-01,5.442609225809432738e-01,4.568361069802447938e-01,8.184805746904787460e-01,6.535087085289114084e-01,5.944199589457555000e-01,8.402833669413188877e-01,6.224569607320784570e-01,4.140797958741055940e-01,9.523563353749801008e-01,4.793207356310202893e-01,4.419985396390317955e-01,7.106248731108602001e-01,7.624177663002857930e-01,5.270347826093633170e-01,7.058870848926647179e-01,4.397297778440399374e-01,6.490136511241111350e-01,3.764490465167084632e-01,8.336588888950613452e-01,6.117527327745734267e-01,6.822689706013652655e-01,9.251329839475558314e-01,9.851807859751879892e-01,8.995858606339983687e-01,9.897907610331811989e-01,6.715884164383194577e-01,3.518596324099304562e-01,7.606128469693758110e-01
7.790729325600186383e-01,3.878479817811932295e-01,5.055160649359642377e-01,4.474541043137829632e-01,8.049251733173583556e-01,5.916920358511992273e-01,5.454864803624517311e-01,7.958014057400101260e-01,5.981345375429909517e-01,3.709904408290720101e-01,9.442093254406974667e-01,4.671819121812352815e-01,4.304323708750359967e-01,6.500002870510526165e-01,7.297859183189352450e-01,4.996141718132345866e-01,6.501342240257893534e-01,4.230673942084891559e-01,6.227313193807865188e-01,3.390904934353433653e-01,8.151956725979903062e-01,5.988373213526796413e-01,6.528866303618807709e-01,9.114653395724119367e-01,9.818932083222562390e-01,8.717222521072621744e-01,9.863536226266984563e-01,6.458879692901562386e-01,3.222880555844270800e-01,7.498329190682057055e-01
2.065702593666254305e-01,6.955518499030938218e-02,1.166395387268291950e-01,3.296706591968118216e-01,5.619756420801617081e-01,4.314995913991302723e-02,7.954586689542918199e-02,6.972670924408784499e-02,2.790521458905546037e-01,5.170319840453742322e-02,6.541033000724649771e-01,3.159055519768977360e-01,2.891823028698666809e-01,4.480727280270622309e-02,2.180571585263950118e-01,1.904459685797648405e-01,6.012660024030123257e-02,2.306416188337918061e-01,2.701358923167876958e-01,5.680555021996255144e-02,4.509903195397079179e-01,4.228173668943033814e-01,2.474184275418803980e-01,4.819685190870254266e-01,7.876843193198124204e-01,1.515467600728040154e-01,6.020330318158578775e-01,2.880594039819507346e-01,7.680288713912013232e-02,5.817138628109564946e-01
2.066890946272665341e-01,6.959366846189575517e-02,1.166982116539125730e-01,3.297013163538534131e-01,5.620556292679768084e-01,4.318982850684294911e-02,7.959946808655030126e-02,6.979803422539548885e-02,2.791275252743285473e-01,5.173568358899381658e-02,6.542412175436086441e-01,3.159440978698104252e-01,2.892177131692055814e-01,4.485108804889768180e-02,2.181648692017122138e-01,1.905079717905349690e-01,6.017957986416440364e-02,2.306857736056601160e-01,2.702178965439275271e-01,5.683748673598666007e-02,4.511060842741466126e-01,4.228656904402143812e-01,2.475087785777520533e-01,4.821354682535876623e-01,7.878090664556259837e-01,1.516769531964256013e-01,6.022906944757298042e-01,2.881453144734688054e-01,7.683727792266691059e-02,5.817658369871897550e-01
9.346542824505315039e-01,6.663996707245386508e-01,7.543170877533627028e-01,5.142455847466439467e-01,8.854449959076824417e-01,9.033812956824652796e-01,8.314710476608805356e-01,9.702067377677825455e-01,7.542437387188386522e-01,6.794938223919591014e-01,9.821248263043476090e-01,5.530627946890669389e-01,5.131594090014914844e-01,9.305751887614414075e-01,9.014569397229186265e-01,6.846378588992281244e-01,9.190690684003360866e-01,5.425030449137164812e-01,7.865873329931033497e-01,6.186237097259414952e-01,9.158484752927341654e-01,6.863474814130717805e-01,8.276278135817431991e-01,9.739981113897707710e-01,9.956548389750777828e-01,9.795960572672434141e-01,9.982703064925052550e-01,8.037828386207046538e-01,5.482044691392967684e-01,8.191088934676646893e-01
9.357635664189787317e-01,6.697290600039599306e-01,7.569719844479000370e-01,5.151207104612990362e-01,8.862747839951721218e-01,9.054881625720057059e-01,8.340451743312531363e-01,9.709986953340228322e-01,7.559933804708340865e-01,6.831259123064089556e-01,9.823931234602027995e-01,5.541759585493356566e-01,5.142462088219798000e-01,9.322262838412005426e-01,9.028648594362231883e-01,6.868263652916852813e-01,9.208120885713809711e-01,5.440622645561906667e-01,7.883451774018247482e-01,6.221680091057529838e-01,9.167540505830489295e-01,6.874230190852991251e-01,8.293688318599251597e-01,9.744223856289635499e-01,9.957356008498076116e-01,9.801007861677349942e-01,9.983165804154137124e-01,8.054459151520831917e-01,5.512359572192661039e-01,8.199068427209080800e-01
5.306329988228661865e-01,1.995194261468495045e-01,2.949676534328851685e-01,3.944454703046770261e-01,7.124726849996291245e-01,2.416322355638854391e-01,2.756697910401407769e-01,4.098645003849910040e-01,4.525818043826337900e-01,1.725848979274576811e-01,8.666944667103742006e-01,3.985864613902952991e-01,3.657679796295961183e-01,2.715528336862561565e-01,5.005941745680831945e-01,3.469272129127570770e-01,2.992243094891002819e-01,3.316645958258406801e-01,4.621999795022947444e-01,1.676303296651965036e-01,6.792694645272604470e-01,5.224562241593412315e-01,4.676380856734575486e-01,7.828461134450404035e-01,9.438720282540210560e-01,5.812345236354190536e-01,9.303882587232317203e-01,4.859221033014634039e-01,1.817875059594980525e-01,6.818982253013718964e-01
9.362153557414490956e-01,6.710955108499384592e-01,7.580598423622608717e-01,5.154811435960748867e-01,8.866150432945052451e-01,9.063439439814041654e-01,8.350962497197033096e-01,9.713189269194948405e-01,7.567115912471676920e-01,6.846155180446268362e-01,9.825024801814699060e-01,5.546343077099358254e-01,5.146938175039714736e-01,9.328957166757602115e-01,9.034395368732306419e-01,6.877253934216732700e-01,9.215200032254846629e-01,5.447042498341290173e-01,7.890661378465787523e-01,6.236241238252437924e-01,9.171244696560467702e-01,6.878654422834342697e-01,8.300818763650459342e-01,9.745951751831085641e-01,9.957684300296936186e-01,9.803051065166576983e-01,9.983352791353733435e-01,8.061278121549050324e-01,5.524835185921025404e-01,8.202347143008290598e-01
7.747893495733326752e-01,3.830464212079236486e-01,5.006631925148254947e-01,4.462849257474550968e-01,8.031795316417221775e-01,5.837175993689568410e-01,5.392928947833163233e-01,7.896440617770842385e-01,5.950601012982761340e-01,3.657356874100581301e-01,9.431041534839480489e-01,4.656683957539342056e-01,4.289929921557434911e-01,6.420218302260902732e-01,7.255181900330530675e-01,4.961865508597849139e-01,6.428317625154760240e-01,4.209979654591469167e-01,6.193940540395974637e-01,3.345518551097972915e-01,8.127819283216033419e-01,5.972143032569332544e-01,6.491281443775004378e-01,9.096081691174860984e-01,9.814353319766622175e-01,8.678131822515520177e-01,9.858510856247398868e-01,6.426145788438374362e-01,3.186871991549893868e-01,7.484641957557771619e-01
8.855491331128926280e-01,5.468765940636391987e-01,6.545755288456784893e-01,4.848583922733837315e-01,8.544091568653234825e-01,8.049082123871055261e-01,7.262691032260167878e-01,9.276845355552216787e-01,6.907912710367091202e-01,5.473650983539125603e-01,9.703899065542260782e-01,5.154645929962083928e-01,4.766775832787850664e-01,8.491883822281809380e-01,8.426637313655133132e-01,6.069100769505253457e-01,8.369170168754715977e-01,4.898827332560855563e-01,7.215121256487389001e-01,4.946546504545888956e-01,8.798430954195857190e-01,6.491410232941733360e-01,7.609104690457201281e-01,9.550617276410736656e-01,9.918532426140924674e-01,9.531796016842303265e-01,9.957068929761813125e-01,7.417475257388190801e-01,4.458113324852928105e-01,7.907198678808395886e-01
6.290721885962794468e-01,2.579392307701767750e-01,3.652004573982430835e-01,4.131271926255331017e-01,7.482347538830868006e-01,3.534860428426973566e-01,3.643340235272030658e-01,5.622661878532108082e-01,5.048395628289131798e-01,2.320358298084169157e-01,9.014205041936228513e-01,4.227305318590841576e-01,3.883999849096836932e-01,3.978847815636928353e-01,5.880059503919593533e-01,3.994854720887976440e-01,4.190406882063097416e-01,3.632093567708162829e-01,5.202841951357635164e-01,2.194068652447555834e-01,7.334089841171673729e-01,5.499984002531975724e-01,5.353921312668292742e-01,8.397567067509441596e-01,9.623035463263117650e-01,7.097403193048181791e-01,9.606229991676781266e-01,5.443870662682825934e-01,2.256598667507370981e-01,7.072392382795120724e-01
8.939757630057861837e-01,5.642785984560552137e-01,6.696750472695284229e-01,4.889675731873296405e-01,8.591366685540540171e-01,8.222549362351198043e-01,7.431771414765673267e-01,9.359541378566623715e-01,7.001982946216808168e-01,5.667403470025292878e-01,9.723976674508117979e-01,5.207444108889308643e-01,4.817747872455181435e-01,8.640769918322100951e-01,8.523393775292152919e-01,6.182244669591504538e-01,8.515204783614979123e-01,4.972567600477503236e-01,7.313110321041690343e-01,5.123157121688409754e-01,8.855813082780237266e-01,6.544692427546093816e-01,7.712181947916542102e-01,9.583442110289379645e-01,9.925378099307818891e-01,9.582534619747680171e-01,9.962189557640198645e-01,7.511463451134542391e-01,4.600571436950308124e-01,7.948800870272020314e-01
6.994002148706460753e-01,3.105845578874660839e-01,4.244528109438173713e-01,4.278716407480450123e-01,7.739872270496424012e-01,4.544470298637519612e-01,4.409357020467624122e-01,6.747584925966466640e-01,5.455692297840907257e-01,2.874245566889029324e-01,9.226588606864075670e-01,4.418212780741758716e-01,4.063917427196596655e-01,5.080151492667758228e-01,6.527687915641716687e-01,4.422075658666554943e-01,5.205043768006880622e-01,3.886654294067810600e-01,5.652732954457024839e-01,2.671390814041299522e-01,7.713468272139871740e-01,5.712706381281873469e-01,5.874515197801633004e-01,8.752384254743442726e-01,9.724873645194861416e-01,7.917728411942998035e-01,9.750000328076925404e-01,5.892175354457144243e-01,2.647446668013666571e-01,7.261526144132637306e-01
4.287223695352076480e-01,1.511849512212250224e-01,2.326887957454883693e-01,3.758786901302884620e-01,6.734313092633618103e-01,1.558622977816849497e-01,2.010533460438085063e-01,2.717461797119057887e-01,4.008276391406286887e-01,1.254481037265560706e-01,8.216323379641132796e-01,3.746836849529696090e-01,3.434885831086348928e-01,1.729079027643088962e-01,4.122594196284991019e-01,2.973671963866416634e-01,2.008960109517193005e-01,3.012586435922220418e-01,4.045436788049970867e-01,1.257185962863110185e-01,6.191960924711990000e-01,4.944901371743968821e-01,4.003820558685636244e-01,7.118463050048443597e-01,9.168751374699695145e-01,4.392271926259170844e-01,8.791821318418784337e-01,4.272461108181176970e-01,1.445016145541372643e-01,6.551529363962009800e-01
1.090954005536161064e-01,3.871160749663337536e-02,6.804893961921172629e-02,2.985893386144359285e-01,4.777797944605806091e-01,1.624940964093935653e-02,3.878904574918400766e-02,2.332718329591349296e-02,2.076728015821821538e-01,2.663933846927203988e-02,5.006937107701056044e-01,2.772303650777645512e-01,2.537704522284867092e-01,1.591756042905675961e-02,1.262836873271876992e-01,1.340601178480694267e-01,2.355897799720720748e-02,1.879174959259340139e-01,1.936167578831113345e-01,3.137971096407153604e-02,3.355545991140908568e-01,3.734939392267641045e-01,1.655815544698945596e-01,3.169275569205233234e-01,6.305749876289071798e-01,5.864886269423099513e-02,3.306558095912175421e-01,2.073975392429269204e-01,4.782522831701364191e-02,5.268607147970512106e-01
2.191491785349693466e-01,7.364790875957498428e-02,1.228549311597099541e-01,3.328541307930633075e-01,5.702437414164595042e-01,4.747208186964518156e-02,8.527669637496067268e-02,7.748346421416876795e-02,2.869266706026419311e-01,5.517273684282673202e-02,6.682492975878558950e-01,3.199119461953226495e-01,2.928641152018240934e-01,4.956934328358017505e-02,2.294185694171325118e-01,1.969510901030985806e-01,6.585256858131606494e-02,2.352470742134250281e-01,2.787136076837275489e-01,6.020493981730692251e-02,4.630084210108034171e-01,4.278309420245380301e-01,2.568951537213922665e-01,4.992774603140202605e-01,8.003224940854765102e-01,1.655268327500223902e-01,6.284005016999194559e-01,2.970393521292114536e-01,8.044132068329884477e-02,5.870880831361887653e-01
8.843177201082039751e-01,5.444178226756357653e-01,6.524248387198889887e-01,4.842803625489083275e-01,8.537335120292488533e-01,8.023671930494857829e-01,7.238351658597956817e-01,9.264447805857074503e-01,6.894546332410341760e-01,5.446259616252917546e-01,9.700962746461739838e-01,5.147213933479671821e-01,4.759607478007392145e-01,8.469891090881128681e-01,8.412617023156668816e-01,6.053085300622974563e-01,8.347719514620913772e-01,4.888454522784330680e-01,7.201158938485662242e-01,4.921697128393336396e-01,8.790160479672290972e-01,6.483882879616417183e-01,7.594348470860960987e-01,9.545805242724233475e-01,9.917520487956489328e-01,9.524202081216398552e-01,9.956295048329296682e-01,7.404066581310326800e-01,4.438134592219932228e-01,7.901295531637156921e-01
4.728336791551798202e-01,1.709202637767913424e-01,2.586184423289922818e-01,3.839163409505571001e-01,6.907587064808625721e-01,1.897028695823879119e-01,2.315248529019908463e-01,3.283941868471892400e-01,4.231465190955941980e-01,1.444380944179838588e-01,8.425584752285157908e-01,3.850169506054663127e-01,3.531051712167390666e-01,2.119049489484693127e-01,4.503420351807530531e-01,3.184366532588077114e-01,2.404500792010808852e-01,3.142955334040626880e-01,4.294049545666631662e-01,1.427312218997665305e-01,6.459152667406472537e-01,5.066649566824990014e-01,4.293404505784608194e-01,7.443741473182586832e-01,9.298333664012237154e-01,5.011636911994420407e-01,9.045855854463611401e-01,4.526246820096722634e-01,1.598799914102648767e-01,6.669239860982110191e-01
6.514027809863351948e-01,2.734516703385856951e-01,3.830311620943584461e-01,4.176337073891421836e-01,7.563348452388827248e-01,3.835209087223508395e-01,3.872942953727119275e-01,5.980608478737361455e-01,5.173623857793010483e-01,2.481982911639292744e-01,9.084339323866733595e-01,4.285634409176247717e-01,3.938878234355749353e-01,4.310909294407752057e-01,6.083111268202368027e-01,4.124569054686550995e-01,4.498316780848020113e-01,3.709423782341071396e-01,5.341506390027435103e-01,2.333646647453535006e-01,7.454579237619499699e-01,5.565452612960819501e-01,5.514939904133580040e-01,8.514308852341964107e-01,9.657616587989306112e-01,7.368242516549070587e-01,9.657189839521693742e-01,5.582471296998648969e-01,2.371965878109551507e-01,7.131204880292926207e-01
9.277250228388526920e-02,3.357116803653736187e-02,5.960268878183186403e-02,2.914164036193161444e-01,4.576691202736284381e-01,1.282699960443825504e-02,3.254602972777399794e-02,1.784912561061423319e-02,1.927625526846008797e-01,2.268631577758538700e-02,4.628696487645216351e-01,2.684332956748551879e-01,2.457458744505053860e-01,1.238637827822879588e-02,1.099497169946078157e-01,1.228728840147175899e-01,1.875431597193953637e-02,1.786586808973784080e-01,1.779823464580864156e-01,2.717597584007618375e-02,3.101515941537781318e-01,3.620478323213574545e-01,1.495802392523263302e-01,2.820787749361036156e-01,5.864205870233675233e-01,4.620310672294999921e-02,2.743564393356735520e-01,1.907989862026936712e-01,4.262468249144375082e-02,5.136062771452969411e-01
5.557446829509623543e-01,2.131088202743708637e-01,3.117655123539617712e-01,3.990818075371333484e-01,7.216777392096306309e-01,2.671814382785634989e-01,2.965357727587544234e-01,4.474319302655015429e-01,4.655724140558247237e-01,1.861950570665812932e-01,8.762264664913033130e-01,4.045715206952703591e-01,3.713659118905469625e-01,3.007198534612936514e-01,5.226273816783526538e-01,3.597559133981935164e-01,3.273629521936862741e-01,3.394107428051216235e-01,4.766630213882570577e-01,1.795641375560482755e-01,6.933235314876884381e-01,5.293500187244462030e-01,4.845348801464712807e-01,7.982996068244265775e-01,9.491428732986437744e-01,6.151905574652553055e-01,9.395087135091970687e-01,5.005411033187404657e-01,1.920773392858548256e-01,6.883328375897745932e-01
9.400839211317321142e-01,6.830529053151602747e-01,7.675360293557650371e-01,5.186681041428886640e-01,8.895858404767855721e-01,9.136146097871494787e-01,8.441604555061789084e-01,9.740055282071767850e-01,7.630008942283064144e-01,6.976226676673843441e-01,9.834410397755865008e-01,5.586838592913835333e-01,5.186514027014385020e-01,9.385542379234939059e-01,9.083911127882442482e-01,6.956145617317063268e-01,9.275329451381174595e-01,5.503753223997128741e-01,7.953639918422273913e-01,6.364025028323935240e-01,9.203357382318736457e-01,6.917633137498130358e-01,8.362851891482137034e-01,9.760746428298686661e-01,9.960480339773369884e-01,9.820248512218349157e-01,9.984918819927198763e-01,8.120795873320186820e-01,5.634865808228763928e-01,8.231141651932274428e-01
4.201285119196472295e-01,1.475196771684526564e-01,2.277920965907417605e-01,3.743006216620387017e-01,6.699536893168969165e-01,1.497980764288834588e-01,1.954086776395913272e-01,2.613197421579994129e-01,3.964688793369612330e-01,1.219636863610961963e-01,8.172550823830723177e-01,3.726578597766057044e-01,3.416058510783317459e-01,1.659209614863102478e-01,4.048529298594937265e-01,2.933059743671030395e-01,1.936941102167255291e-01,2.987228593404828159e-01,3.996912902953888014e-01,1.225741338241474881e-01,6.138316245716224362e-01,4.920881678659291825e-01,3.947427395004473594e-01,7.051444874687956554e-01,9.140735232401575594e-01,4.271664157584102450e-01,8.735269876501289277e-01,4.222791392587865733e-01,1.416165532721839204e-01,6.528071030462782032e-01
2.084441736293007885e-01,7.016242075785046606e-02,1.175648323163539233e-01,3.301527509269555627e-01,5.632326489738783692e-01,4.378078173273082518e-02,8.039229234366010446e-02,7.085575842828698012e-02,2.802385366877021555e-01,5.221609669218123251e-02,6.562683243499298769e-01,3.165117781449214851e-01,2.897392429211895770e-01,4.550078163139852083e-02,2.197547850222941190e-01,1.914224324670340815e-01,6.096450020805022074e-02,2.313364074178514418e-01,2.714267940963728809e-01,5.730954186368757836e-02,4.528107233466561188e-01,4.235771734723515758e-01,2.488412874033153199e-01,4.845933676252723310e-01,7.896391217534814988e-01,1.536040104295050279e-01,6.060768086926514586e-01,2.894116617143887571e-01,7.734513899136553905e-02,5.825306756105662620e-01
2.880293377832843782e-01,9.690613824290963962e-02,1.572959699804155065e-01,3.485706161945875126e-01,6.098680649038724644e-01,7.501434723955935358e-02,1.188299386166047217e-01,1.275674686886509590e-01,3.270905521410167882e-01,7.540925027021186389e-02,7.325876875250795228e-01,3.397948560384755901e-01,3.111771338751819771e-01,8.036582588722496201e-02,2.904898253237928052e-01,2.310082811049280482e-01,1.016056642367342139e-01,2.585715657347622543e-01,3.227702627169981575e-01,7.963512490106378072e-02,5.218865697402322867e-01,4.524379245065535682e-01,3.063080621982565144e-01,5.828291700041219325e-01,8.537919286555017973e-01,2.484129518200370590e-01,7.441969245776010045e-01,3.429565948743263371e-01,1.004934673314476778e-01,6.129403172721271664e-01
6.735970914739021209e-01,2.899239109642597345e-01,4.016193358138293590e-01,4.222621482688910799e-01,7.644434482006264853e-01,4.152203529452454522e-01,4.113325889453704476e-01,6.336554052812268800e-01,5.301616257962173950e-01,2.655104406973108344e-01,9.151468237320573573e-01,4.345562898246806416e-01,3.995346006377263337e-01,4.657419195651671950e-01,6.287194463396894584e-01,4.258651607916089099e-01,4.817594250533010491e-01,3.789291991030609430e-01,5.482936279209054131e-01,2.482835741391694884e-01,7.574172023710201707e-01,5.632281850402003354e-01,5.678690631531098099e-01,8.626472712161853407e-01,9.689845102813341438e-01,7.628132765594702880e-01,9.702752201386453113e-01,5.723446532651669250e-01,2.494233115528443623e-01,7.190684355509090464e-01
3.833203786259181678e-01,1.324055877705393736e-01,2.073182015956411550e-01,3.674585902259220327e-01,6.545921504477976161e-01,1.256239545232989696e-01,1.722244865473133435e-01,2.190094410946086256e-01,3.776826612505544412e-01,1.077456482133156007e-01,7.972173948390699483e-01,3.638868703256026849e-01,3.334639770658007762e-01,1.381052146130105629e-01,3.731343450806120510e-01,2.760018856808459931e-01,1.646160420486772746e-01,2.878224609139918844e-01,3.787957175892249784e-01,1.096576265420808882e-01,5.901573922533660532e-01,4.816317059941461198e-01,3.705222110177165962e-01,6.749309605156983416e-01,9.008502066296588673e-01,3.758072777359001693e-01,8.462066884661433308e-01,4.008396713162922231e-01,1.296073078181087246e-01,6.425038300611750630e-01
4.682209925460784627e-01,1.687792876414569987e-01,2.558401168250232227e-01,3.830786143130742172e-01,6.889829847314837830e-01,1.859422251066114029e-01,2.282157229916042807e-01,3.222328784723262896e-01,4.208124531957652126e-01,1.423600015259222917e-01,8.404818765003452263e-01,3.839388548442856930e-01,3.521008044419094984e-01,2.075731050809075939e-01,4.463520995035005212e-01,3.162117513795673074e-01,2.361058096488778402e-01,3.129275033356624935e-01,4.268042690387698346e-01,1.408789478505321213e-01,6.431793296432044560e-01,5.054007600485849183e-01,4.263069818207932404e-01,7.411108395983883046e-01,9.285798326112441048e-01,4.947006214648745348e-01,9.021880010256152493e-01,4.499753702520036813e-01,1.582233170828123980e-01,6.657109363155004900e-01
5.984260376980036211e-01,2.381646253451413509e-01,3.419909054621177447e-01,4.071397734713085304e-01,7.371574851026179154e-01,3.151928900993503091e-01,3.346630223012416194e-01,5.135669830164066862e-01,4.881317645917377379e-01,2.116477642520865621e-01,8.913248322139596391e-01,4.149851407562579197e-01,3.811251486911831354e-01,3.550663487870034385e-01,5.604644977107750003e-01,3.824059610623534722e-01,3.789748752004538646e-01,3.530058492595122832e-01,5.017461725107474901e-01,2.017421590208317017e-01,7.167860902748344198e-01,5.412405449587991413e-01,5.138083691658635876e-01,8.230464204691840813e-01,9.571664734314593304e-01,6.711832018608017147e-01,9.526875328916282193e-01,5.257987689223155847e-01,2.109018224527227370e-01,6.992868833471963530e-01
7.036343202989849832e-01,3.141465512591555265e-01,4.283371284341243035e-01,4.288192159200753251e-01,7.755689589707362996e-01,4.611302133817724580e-01,4.459741857102088036e-01,6.814505436729624277e-01,5.481590355271451775e-01,2.912236420696371897e-01,9.238637056361662658e-01,4.430486273552846632e-01,4.075514707634312894e-01,5.151472245299786312e-01,6.567514085771541943e-01,4.449761088135246734e-01,5.270248383290422334e-01,3.903158853666566785e-01,5.681219809970573520e-01,2.704060657568060910e-01,7.736389536805349243e-01,5.726229351366853848e-01,5.907275952181777479e-01,8.772609916502100980e-01,9.730387727790532626e-01,7.963896233704536032e-01,9.757210258414235060e-01,5.920427072600454865e-01,2.673862051847732402e-01,7.273359164139154842e-01
3.930367381058463283e-01,1.363077264941952305e-01,2.126484764848565745e-01,3.692803337372290717e-01,6.587270290961065866e-01,1.317308662179061673e-01,1.781931082606289241e-01,2.298043308787955930e-01,3.826653406802054680e-01,1.113926456579282243e-01,8.027229571321431445e-01,3.662201733401685422e-01,3.356284134502025007e-01,1.451243835082532685e-01,3.815093707414732860e-01,2.805598901657690991e-01,1.720190829670464605e-01,2.907096287446277461e-01,3.843345129149531858e-01,1.129847022914767934e-01,5.965243945935199132e-01,4.844224004887350277e-01,3.769312412730390083e-01,6.831556281469527425e-01,9.045483982389418420e-01,3.893001864497932507e-01,8.539418709168331567e-01,4.065305939472595442e-01,1.327262800130610265e-01,6.452682038180749258e-01
7.321866694701396894e-02,2.734367613134541103e-02,4.920748362744269827e-02,2.813260912812229897e-01,4.291319663034435794e-01,9.131454699248739426e-03,2.527078326217323950e-02,1.214041154516064779e-02,1.728567977640097231e-01,1.800723441530990496e-02,4.095584337511759543e-01,2.561509054799844809e-01,2.345587229501906734e-01,8.637927090561464682e-03,8.980100653936567978e-02,1.082608404303619098e-01,1.350681741285219249e-02,1.660302139629450391e-01,1.573460215510029125e-01,2.209671931938724659e-02,2.757125065053673274e-01,3.459323305017494299e-01,1.289144172170021696e-01,2.364612391579954953e-01,5.208931054666252614e-01,3.268249773000755226e-02,2.049776268543193891e-01,1.688326980930707766e-01,3.611124492189129315e-02,4.946018554917287480e-01
7.695952594064864316e-01,3.773401642730004335e-01,4.948657090176199480e-01,4.448889671400667045e-01,8.010787054898761417e-01,5.741336623357629065e-01,5.318780631295443317e-01,7.821111744514164243e-01,5.913774999322859438e-01,3.594999258819448484e-01,9.417569163691780210e-01,4.638611310143745392e-01,4.272750392621281201e-01,6.323866715646345726e-01,7.203652538360454383e-01,4.920923018532386006e-01,6.340204793094617042e-01,4.185293992345556213e-01,6.153924349020445383e-01,3.291697714047402967e-01,8.098666749366384421e-01,5.952726017162590644e-01,6.446137990930999040e-01,9.073435933321104541e-01,9.808734313071790778e-01,8.630113985572934743e-01,9.852267857688495889e-01,6.386865868787894307e-01,3.144137429457277144e-01,7.468225700075362683e-01
8.650116970057654120e-01,5.083651974268766915e-01,6.203801522815021174e-01,4.758538388998534985e-01,8.435797688355157753e-01,7.624678150439530011e-01,6.868557198259105379e-01,9.060083978807293992e-01,6.696039198236559686e-01,5.044461978943157732e-01,9.654787783494883646e-01,5.038741410820847255e-01,4.655165682637421032e-01,8.118621276972185496e-01,8.196442721692293043e-01,5.817047102630438227e-01,8.008748736934819812e-01,4.737294613266733734e-01,6.992703492262448695e-01,4.560271853377450002e-01,8.663845211797158719e-01,6.373252847822593603e-01,7.372086385688714216e-01,9.469797407950691914e-01,9.901261009487684062e-01,9.399285118232904024e-01,9.943292551388864808e-01,7.203391895461270789e-01,4.149074721334834459e-01,7.813793316688534274e-01
6.906511461091819903e-01,3.033829370516243906e-01,4.165530720439938328e-01,4.259389876464832470e-01,7.707339684213840858e-01,4.408578827319149518e-01,4.306893054859681214e-01,6.608763268137277658e-01,5.402751020473323118e-01,2.797620011121505490e-01,9.201450207475524445e-01,4.393180891053719006e-01,4.040276195573115903e-01,4.934493178523924328e-01,6.445727653434345505e-01,4.365674049645505428e-01,5.071747299486540905e-01,3.853042729831930857e-01,5.594450181055922178e-01,2.605484993676460137e-01,7.666173571526690989e-01,5.685068851307539806e-01,5.807402043337508424e-01,8.710209613024132436e-01,9.713275487201283864e-01,7.821104383128931747e-01,9.734629354590921269e-01,5.834323483234873375e-01,2.594045561971677349e-01,7.237272152649125712e-01
8.719706076354591939e-01,5.208482868568427016e-01,6.315853902071087989e-01,4.787634102934238411e-01,8.471506967597320914e-01,7.768496567881258974e-01,6.999343980058938541e-01,9.135869935260192420e-01,6.765344003132174322e-01,5.183589554694285617e-01,9.671467820656414194e-01,5.076221761639305718e-01,4.691214843404746815e-01,8.246505316427686916e-01,8.273606699726206992e-01,5.899067430137895363e-01,8.131414563636206738e-01,4.789471366333908353e-01,7.065710604995538713e-01,4.684794418448611220e-01,8.708694379981822831e-01,6.411640841010471936e-01,7.450336874234538831e-01,9.497322607572041830e-01,9.907208219439849195e-01,9.445570387151710490e-01,9.948169645824358476e-01,7.273777172453989026e-01,4.248372184346337899e-01,7.844314227037656462e-01
2.998363682764962346e-01,1.010672303928130955e-01,1.633104055737759908e-01,3.510471123798374338e-01,6.159191901907924427e-01,8.044329085040359539e-02,1.249776485899824208e-01,1.374807289853984260e-01,3.335955705836901042e-01,7.911500682904251680e-02,7.418567069803387870e-01,3.429423746787977900e-01,3.140826061701298411e-01,8.650531025986685218e-02,3.008123059768321172e-01,2.366624949677761935e-01,1.085193203997654038e-01,2.623332725330027593e-01,3.299464712613112138e-01,8.313137822055124970e-02,5.310349221907658679e-01,4.562909770294347744e-01,3.144587790367402436e-01,5.955317057337214948e-01,8.609517072953118966e-01,2.635403202825830071e-01,7.599340329484713941e-01,3.504028507822126715e-01,1.039867893611302052e-01,6.169103198150165390e-01
5.472399639904008961e-02,2.132080851332770685e-02,3.896181365346186587e-02,2.694545030753165427e-01,3.953775456910604280e-01,6.054771291647792313e-03,1.858940200799320819e-02,7.611975130824230780e-03,1.510740648761026150e-01,1.361471497285630938e-02,3.481318588026816041e-01,2.418490886689120822e-01,2.215548300202985765e-01,5.586561148213940557e-03,6.998267634800706127e-02,9.270093769321255395e-02,9.077029469868986081e-03,1.517752134382405194e-01,1.351138296800345473e-01,1.719881222548346605e-02,2.375141020945493175e-01,3.269761366382556989e-01,1.072944126404472842e-01,1.886255223298392014e-01,4.411800117596570425e-01,2.141927697400687614e-02,1.398216165732289740e-01,1.450981141428899501e-01,2.953044786799692567e-02,4.717280789244655548e-01
3.328670079993084063e-01,1.130372159534272503e-01,1.803808357580406474e-01,3.577387268065703729e-01,6.319919392545285675e-01,9.683975812934290939e-02,1.428499370046308337e-01,1.673319908009638923e-01,3.513798898701032125e-01,8.990573444747337883e-02,7.656968240457409092e-01,3.514649403834316788e-01,3.219590117920642092e-01,1.051434111277431416e-01,3.295383430605913211e-01,2.523178258744294133e-01,1.291626973346365892e-01,2.726105429612293851e-01,3.496117262413478421e-01,9.322269448319352170e-02,5.554883627436936200e-01,4.666652748437593590e-01,3.369162917640122767e-01,6.289827049788506708e-01,8.787360835203850140e-01,3.069859985726896001e-01,7.988428292960880750e-01,3.707600316298845233e-01,1.139056836205231960e-01,6.274959186211498396e-01
7.761539422390995036e-01,3.845664865464029636e-01,5.022020046883136635e-01,4.466555867180139749e-01,8.037343155175016296e-01,5.862511028282764158e-01,5.412581713097281977e-01,7.916110680246412068e-01,5.960357676460804610e-01,3.673984816246288476e-01,9.434567920110596972e-01,4.661482364353946029e-01,4.294492634269986842e-01,6.445604276217330453e-01,7.268759352066626045e-01,4.972733619344642531e-01,6.451546199255845382e-01,4.216538457792476380e-01,6.204534773111577417e-01,3.359877096926252027e-01,8.135498981953056541e-01,5.977291643573382496e-01,6.503219207450324779e-01,9.102008105832276597e-01,9.815817326480510419e-01,8.690634876482976612e-01,9.860123747087721213e-01,6.436539685109922138e-01,3.198266470341935563e-01,7.488987301174546696e-01
2.722179617689015618e-01,9.142161615750218906e-02,1.493028026142899090e-01,3.451705261836346961e-01,6.014721154177540274e-01,6.808263342422175846e-02,1.107864068945981911e-01,1.149095198904230147e-01,3.182326039957458219e-01,7.056256123527208934e-02,7.194706586979163765e-01,3.354796099957571553e-01,3.071966648999245875e-01,7.255495777843176675e-02,2.766107950009921712e-01,2.233708958106846165e-01,9.271778333471845934e-02,2.534445338680229587e-01,3.130147263449764572e-01,7.503616827819700741e-02,5.092541142859949854e-01,4.471364971079304085e-01,2.952697958292284097e-01,5.651422492744501147e-01,8.434255719216262603e-01,2.285354392264363210e-01,7.214242583339541826e-01,3.328190048094387121e-01,9.584948743954362083e-02,6.074436777007619082e-01
6.828592886081976676e-01,2.971418152715116778e-01,4.096559599298204013e-01,4.242449258753819841e-01,7.678522155368392443e-01,4.290051430094399265e-01,4.217463278843809338e-01,6.484613987732590346e-01,5.356219138604566554e-01,2.731419517191916446e-01,9.178778659452896393e-01,4.371240527502742723e-01,4.019567386787910035e-01,4.806759847786030160e-01,6.373099680714546800e-01,4.316315390213107950e-01,4.954687893935302845e-01,3.823638007836957509e-01,5.543170599035341928e-01,2.548526693667180210e-01,7.624114917932421909e-01,5.660781399245036205e-01,5.748261629259532324e-01,8.672206099127269807e-01,9.702708206550212378e-01,7.733685033437273093e-01,9.720386856744365200e-01,5.783367357126052433e-01,2.547765998388044073e-01,7.215879982354450606e-01
7.227709031556481811e-01,3.309134120675478741e-01,4.464215250974395977e-01,4.332112461775370904e-01,7.827864144492208132e-01,4.922042341167603974e-01,4.694208319522725770e-01,7.114290880431519692e-01,5.601084534369585866e-01,3.091836497562336916e-01,9.292182294231214890e-01,4.487375746879873617e-01,4.129318745986296224e-01,5.480285214922745451e-01,6.748904691592956251e-01,4.578306744177546572e-01,5.570468758981933499e-01,3.979863327138097873e-01,5.812441527592275836e-01,2.858487225756711769e-01,7.840342541115186137e-01,5.788668788243560570e-01,6.057802786484488555e-01,8.862571827830664217e-01,9.754537352825920493e-01,8.167605557175521280e-01,9.788019173278535989e-01,6.050357263950569831e-01,2.798268856795620430e-01,7.327703696146348200e-01
4.277235224632398025e-01,1.507561228523490726e-01,2.321172383017231500e-01,3.756955626488212574e-01,6.730290141758562550e-01,1.551489659438339552e-01,2.003925903175104994e-01,2.705238608434596959e-01,4.003213813650077779e-01,1.250397243833501204e-01,8.211289928456499965e-01,3.744485451076801086e-01,3.432700091744758097e-01,1.720859260232619481e-01,4.113984610231452566e-01,2.968945998692462118e-01,2.000507150834095749e-01,3.009639687616778025e-01,4.039800225074923756e-01,1.253504569459331641e-01,6.185754942724455141e-01,4.942115914731168846e-01,3.997267395782390653e-01,7.110738267048307693e-01,9.165545720431932386e-01,4.378246669933288926e-01,8.785377189013495736e-01,4.266693720506419263e-01,1.441645777945699258e-01,6.548812997818026505e-01
6.836711318429793405e-01,2.977847336335987527e-01,4.103686645475314032e-01,4.244202903895327172e-01,7.681518353496890050e-01,4.302291445885059185e-01,4.226702376268151595e-01,6.497568664122008730e-01,5.361041257720872144e-01,2.738230043927360469e-01,9.181153587875233724e-01,4.373511666367787543e-01,4.021710496093426901e-01,4.819979751606124907e-01,6.380651259114898943e-01,4.321421120494086665e-01,4.966811099309265676e-01,3.826679369072063519e-01,5.548486958559502025e-01,2.554387412170704419e-01,7.628494863459267528e-01,5.663298236593395929e-01,5.754396792729761234e-01,8.676185549787357454e-01,9.703819906649189253e-01,7.742852624470615286e-01,9.721895695711699759e-01,5.788652601425443578e-01,2.552533651948106774e-01,7.218100190794453086e-01
8.977045326760209054e-01,5.723192694812808679e-01,6.765809758754007808e-01,4.908788155130369701e-01,8.612908211451937301e-01,8.298993144734372329e-01,7.508022835139881446e-01,9.394918213908993732e-01,7.045162152003753286e-01,5.756841326806043657e-01,9.732855901955074218e-01,5.231979323992315134e-01,4.841462593371500533e-01,8.705676104968599338e-01,8.566682400596611346e-01,6.234429215332696339e-01,8.579346962767758766e-01,5.006861609489648979e-01,7.357923511617203705e-01,5.205200239075896684e-01,8.881672889630247703e-01,6.569337246303816880e-01,7.759033901484514439e-01,9.597912346504133829e-01,9.928363700969888850e-01,9.604295915058284061e-01,9.964358659998818757e-01,7.554379460374657240e-01,4.667049488079585418e-01,7.967935093660163393e-01
6.713717663221987486e-01,2.882210548160388242e-01,3.997138134335071480e-01,4.217905149083090999e-01,7.636269080201332216e-01,4.119575060278107825e-01,4.088648931670721964e-01,6.300920841895724100e-01,5.288606911769523355e-01,2.637139559273199430e-01,9.144846649257155624e-01,4.339455462154203635e-01,3.989587296858631560e-01,4.621948947164982169e-01,6.266621890585402088e-01,4.244953807740176055e-01,4.784991841084585418e-01,3.781133638500467908e-01,5.468575960428443405e-01,2.467366209065476879e-01,7.562178529312393316e-01,5.625491308282017933e-01,5.662088668663857183e-01,8.615392558576747684e-01,9.686704535003761718e-01,7.602512783995395429e-01,9.698397947936964192e-01,5.709150370315591028e-01,2.481600875828825215e-01,7.184666109139722368e-01
4.986467785130141994e-01,1.832690919918574801e-01,2.744850969702565258e-01,3.886054167871912379e-01,7.005674280822112854e-01,2.117653469888975404e-01,2.506083379652301324e-01,3.638377498371818120e-01,4.362365419282333567e-01,1.565051675162678346e-01,8.537490380302655835e-01,3.910558190671073464e-01,3.587356225863379544e-01,2.372926428975858093e-01,4.727187649308982609e-01,3.310076565053059472e-01,2.656912318215046698e-01,3.219913727603433973e-01,4.439908563001719322e-01,1.534466379695824390e-01,6.610095407912212062e-01,5.137202014702062502e-01,4.463659944491840115e-01,7.620895169328801844e-01,9.364645294036125778e-01,5.371755861847058444e-01,9.170257284297923528e-01,4.674594289008489612e-01,1.693870991609921495e-01,6.736548370672696961e-01
1.282847609399450084e-01,4.472796431914286691e-02,7.779459368294246169e-02,3.060079286807568799e-01,4.983635035436581040e-01,2.066206835992384985e-02,4.633170826449331536e-02,3.059480264967533517e-02,2.237379890491390244e-01,3.135822915181450676e-02,5.392571224116070594e-01,2.863827217736298891e-01,2.621303817564397676e-01,2.053588968805836190e-02,1.450357654477265057e-01,1.463438975063686698e-01,2.969035650035525831e-02,1.977353791637990743e-01,2.106141083130475822e-01,3.631222962582306840e-02,3.624793931248207479e-01,3.853148057066381749e-01,1.832844046511967750e-01,3.547136323348931142e-01,6.734567521898949805e-01,7.453005339474755298e-02,3.935284843818364076e-01,2.253990721423746457e-01,5.374627272824483021e-02,5.403391275873284938e-01
8.369892597967263370e-01,4.630084581179209069e-01,5.786301165385702161e-01,4.652909219256235462e-01,8.300230135598863912e-01,7.050049999792431521e-01,6.368633868326158964e-01,8.732404939744812244e-01,6.437974605986964693e-01,4.539655927422838189e-01,9.587001864329761647e-01,4.902470606689262045e-01,4.524434388210565317e-01,7.594022673364754228e-01,7.893310648832900789e-01,5.515348300690081640e-01,7.512608617362733776e-01,4.548164715639393396e-01,6.718830759308391798e-01,4.113269549027992467e-01,8.489593584024800466e-01,6.232236475227495021e-01,7.074893882391873889e-01,9.357299404304707524e-01,9.876283797478021542e-01,9.198935171644083697e-01,9.921394949710632405e-01,6.938369858214075148e-01,3.794389006688390076e-01,7.700220374154741476e-01
5.258215163261742431e-01,1.970025578072872874e-01,2.918239746104812071e-01,3.935632532342954737e-01,7.106964133185218468e-01,2.369526071987607119e-01,2.717946265150722462e-01,4.028030285580305181e-01,4.501107252113405455e-01,1.700801713699619799e-01,8.648072684644345642e-01,3.974482360425751204e-01,3.647042737515265309e-01,2.661952928029798215e-01,4.963886368160945195e-01,3.445046287377524497e-01,2.940168211659779374e-01,3.301972181259149597e-01,4.594477357295113085e-01,1.654273649859940853e-01,6.765504064556604469e-01,5.211402371819539026e-01,4.644223858311479769e-01,7.798032539388423112e-01,9.428099236158533625e-01,5.746585453609370786e-01,9.285098574826825546e-01,4.831356184185109925e-01,1.798742382756205460e-01,6.806628513293211391e-01
5.883175522291307358e-01,2.319865682857656652e-01,3.346251538346786125e-01,4.052059094360556113e-01,7.335023980368502450e-01,3.032775947917417114e-01,3.253115063835109733e-01,4.976896495198841475e-01,4.827230177173560954e-01,2.053307630836720687e-01,8.878644787650454839e-01,4.124847479370259973e-01,3.787796262090381005e-01,3.416424587054874284e-01,5.514531036412794185e-01,3.769324244945883029e-01,3.663137293105469539e-01,3.497283513439767844e-01,4.957371336864442313e-01,1.962525397774244063e-01,7.112684824124263505e-01,5.383976273877566499e-01,5.068011576404156671e-01,8.173475104651966028e-01,9.553632821792723551e-01,6.581454123660854805e-01,9.498054056863109995e-01,5.197590498253312763e-01,2.062752228828301782e-01,6.966844062762235223e-01
7.640416164650770670e-01,3.713742180611730448e-01,4.887688211428050100e-01,4.434214885802244543e-01,7.988506913362608541e-01,5.639919315048599335e-01,5.240631970762706926e-01,7.739793524535029112e-01,5.874926577514160142e-01,3.529913491741327181e-01,9.403074876835688656e-01,4.619610834894293250e-01,4.254698065728500511e-01,6.221361420143148857e-01,7.148814525030939837e-01,4.877866921519690702e-01,6.246541510828055310e-01,4.159370981808816481e-01,6.111662009736287260e-01,3.235563147187912048e-01,8.067627493058531218e-01,5.932268926416588428e-01,6.398372190001412330e-01,9.049066221062608273e-01,9.802643702182716190e-01,8.578028743080792218e-01,9.845407970359134620e-01,6.345346084010109466e-01,3.099521676941574544e-01,7.450881087510639045e-01
7.178303063843507470e-01,3.264757242532783654e-01,4.416667692407608703e-01,4.320592708860853670e-01,7.809114306401934158e-01,4.840456482155637841e-01,4.632592991148080097e-01,7.037361193099324064e-01,5.569832638882200593e-01,3.044181467196189761e-01,9.278496860654937839e-01,4.472454271887786881e-01,4.115198726741480795e-01,5.394407024234221248e-01,6.701848752232931750e-01,4.544559943634799981e-01,5.492107916585698968e-01,3.959712755274589213e-01,5.778158002165444396e-01,2.817511395528117246e-01,7.813440114355351129e-01,5.772330065906675634e-01,6.018538408281919327e-01,8.839568714138961170e-01,9.748420787035230184e-01,8.115800332781205606e-01,9.780336481904976509e-01,6.016444255727467771e-01,2.765327781750297476e-01,7.313529446078116392e-01
9.657000448216161714e-02,3.477040478720886535e-02,6.158352948137398031e-02,2.931705835631039925e-01,4.626034720660134880e-01,1.359600337886043842e-02,3.398450916975197245e-02,1.906588273179866261e-02,1.963513476440420513e-01,2.360160279355314264e-02,4.721466254379803051e-01,2.705797620815059146e-01,2.477029058720233989e-01,1.317536738345458612e-02,1.137852841866170001e-01,1.255467116480867285e-01,1.983809644303440728e-02,1.809015252195073920e-01,1.817322890246641509e-01,2.815579626867791702e-02,3.162995345936582825e-01,3.648481695599549712e-01,1.533922713839654672e-01,2.904295329411005211e-01,5.974365888032773242e-01,4.900765753312515821e-02,2.876381055385887064e-01,1.947836546349056286e-01,4.385090803073250776e-02,5.168676238907797815e-01
7.569869931798924867e-01,3.639888114118929319e-01,4.811702312018468208e-01,4.415927695921166851e-01,7.960460266624256320e-01,5.512696507298898707e-01,5.143011189799260308e-01,7.635403976299313111e-01,5.826325802257035225e-01,3.449504490350000507e-01,9.384525582542184718e-01,4.595930725099378056e-01,4.232212729311525257e-01,6.091989452998044507e-01,7.079527818533033479e-01,4.824197433241804722e-01,6.128420264612490787e-01,4.127107388425304557e-01,6.058721893192751118e-01,3.166264076117409898e-01,8.028380254175742081e-01,5.906711418005379244e-01,6.338413744786679516e-01,9.017871921567454097e-01,9.794781285307821994e-01,8.510769402756008795e-01,9.836412364284858878e-01,6.293285409979337830e-01,3.044373400212869729e-01,7.429141226672489884e-01
5.559284177934173954e-01,2.132111872896732541e-01,3.118909409084848483e-01,3.991159631072300207e-01,7.217447427081091771e-01,2.673755051463304055e-01,2.966925313823494670e-01,4.477109211149549739e-01,4.656681189597623449e-01,1.862981195833196546e-01,8.762943296625991252e-01,4.046156318014439424e-01,3.714071993964956353e-01,3.009408128984826791e-01,5.227891540169194995e-01,3.598510058573534676e-01,3.275748376649010862e-01,3.394680200342765630e-01,4.767695319208561378e-01,1.796542853545395613e-01,6.934255831594954289e-01,5.294006652194114260e-01,4.846592877391919241e-01,7.984101196929193067e-01,9.491798347031714655e-01,6.154365311205834965e-01,9.395714383592224106e-01,5.006486126481534127e-01,1.921546106140526733e-01,6.883798820870139501e-01
2.807616558526312978e-01,9.437310557723722904e-02,1.536137430660124703e-01,3.470203662695331981e-01,6.060525120165083379e-01,7.178083083346654958e-02,1.151062462746918064e-01,1.216618551910590706e-01,3.230410898914427564e-01,7.316538686817716797e-02,7.266630566301383043e-01,3.378264533940450454e-01,3.093610221367840696e-01,7.671803429297917309e-02,2.841187866474231827e-01,2.275079355632190214e-01,9.746824891891325837e-02,2.562284982413174372e-01,3.183080311671759310e-01,7.750978039503601813e-02,5.161365758246201363e-01,4.500223803688410684e-01,3.012529100836960905e-01,5.747985685283928392e-01,8.491436789280636388e-01,2.392200669488112330e-01,7.339800011104254951e-01,3.383217418936595999e-01,9.835442847551607859e-02,6.104407644584529669e-01
3.818396600700100785e-01,1.318161493618107416e-01,2.065102923087864528e-01,3.671798018624277127e-01,6.539565296214474577e-01,1.247099884747077808e-01,1.713241178671439657e-01,2.173881278971858122e-01,3.769214815490822268e-01,1.071962331847985811e-01,7.963638072365801790e-01,3.635299318976377703e-01,3.331329664565473858e-01,1.370553102908084742e-01,3.718577088957934484e-01,2.753075864377744764e-01,1.635046576890072378e-01,2.873816117535262227e-01,3.779498283884777932e-01,1.091555194770764819e-01,5.891791304450714195e-01,4.812042227427866803e-01,3.695441954996926959e-01,6.736610569256764602e-01,9.002724428092977460e-01,3.737562909114841014e-01,8.449923588608921898e-01,3.999700454830587004e-01,1.291349791604338160e-01,6.420794383239718517e-01
7.836537972635460036e-01,3.930818910902043606e-01,5.107797191912605284e-01,4.487231977604292932e-01,8.068057173810340155e-01,6.002890794392549134e-01,5.521899299700036012e-01,8.023288108375530303e-01,6.014612652939512749e-01,3.767259940706020882e-01,9.453854615146146667e-01,4.688246016175160458e-01,4.319952762684016734e-01,6.585620210393308138e-01,7.343684134194754520e-01,5.033328125440444945e-01,6.579776917976224437e-01,4.253155627570779918e-01,6.263387799582600390e-01,3.440480935389096384e-01,8.177870386175429829e-01,6.005956769832776487e-01,6.569427358342794232e-01,9.134411511820255125e-01,9.823774225983594732e-01,8.758512461548567662e-01,9.868789253130246797e-01,6.494238524674033064e-01,3.262186009551446553e-01,7.513122172075111793e-01
8.974646148667287937e-01,5.717952911621839718e-01,6.761322853938833699e-01,4.907539933263294629e-01,8.611509921533255785e-01,8.294081827465962231e-01,7.503089703066468941e-01,9.392664834933679430e-01,7.042353376394969722e-01,5.751015043173377528e-01,9.732284621127729185e-01,5.230377383589360774e-01,4.839913676934541331e-01,8.701519230075916989e-01,8.563888000573226522e-01,6.231029889590378179e-01,8.575229727353665954e-01,5.004622028225939045e-01,7.355011657691626903e-01,5.199845319872805627e-01,8.879999828820221985e-01,6.567730381019174501e-01,7.755995174350283072e-01,9.596982250603058873e-01,9.928172398472270288e-01,9.602908614883103322e-01,9.964220870672041430e-01,7.551592170216916422e-01,4.662704277903554351e-01,7.966689604313836881e-01
6.252089625895553837e-01,2.553543675959427661e-01,3.621976432797868184e-01,4.123608418796669284e-01,7.468370647377835514e-01,3.484750345385753123e-01,3.604799109259221868e-01,5.560917113816901125e-01,5.027050026715319531e-01,2.293566887714062752e-01,9.001789384686506024e-01,4.217388734501542613e-01,3.874677912777784727e-01,3.923112036453241247e-01,5.845144017576021644e-01,3.972889759018932154e-01,4.138503540198490427e-01,3.618987744484411517e-01,5.179180482663457985e-01,2.170896649330242845e-01,7.313203874135050242e-01,5.488812150074972029e-01,5.326405346533568119e-01,8.376953652059437871e-01,9.616818397679567365e-01,7.049650273485169594e-01,9.596852137905866886e-01,5.420182422125331412e-01,2.237344967885586955e-01,7.062302284257916396e-01
6.582393965419798265e-01,2.784075571110918301e-01,3.886604406426628633e-01,4.190422142971709230e-01,7.588249392061257037e-01,3.930867316232928843e-01,3.945651541534218598e-01,6.090336114930425815e-01,5.212647243791146412e-01,2.533911926547459670e-01,9.105280035737346456e-01,4.303869621947748469e-01,3.956051273612515295e-01,4.415915966846841734e-01,6.145721934361667582e-01,4.165288063523807649e-01,4.595266158401398182e-01,3.733682378870936680e-01,5.384660256920321686e-01,2.378426160767946329e-01,7.491419410969496484e-01,5.585834236595286217e-01,5.564959969474584378e-01,8.549257059845196682e-01,9.667762565712598732e-01,7.449318474660671097e-01,9.671740729424455063e-01,5.625528219865153501e-01,2.408771226958802414e-01,7.149404232837572870e-01
7.663204060279313889e-01,3.738056226079103372e-01,4.912580100960144414e-01,4.440205736737312114e-01,7.997626853477631803e-01,5.681399857224705974e-01,5.272558160020626161e-01,7.773254726713104690e-01,5.890802677142029653e-01,3.556425173936897388e-01,9.409033569836419142e-01,4.627367832049636420e-01,4.262066844920898712e-01,6.263354420606749295e-01,7.171284054486697368e-01,4.895445819845509750e-01,6.284903534050420015e-01,4.169950369856241235e-01,6.128939216490072450e-01,3.258423919296641880e-01,8.080347805930636618e-01,5.940625943652126928e-01,6.417910079355566566e-01,9.059085438524125955e-01,9.805153254877490010e-01,8.599493057741688373e-01,9.848246091092586196e-01,6.362324075609521179e-01,3.117697156350520693e-01,7.457972695995356283e-01
8.131968330899476127e-01,4.295672763298881147e-01,5.467389165911027415e-01,4.574404773320249196e-01,8.193265714948851919e-01,6.573355633798918518e-01,5.975136133937781757e-01,8.428558958865904893e-01,6.240013803215425092e-01,4.169037635207742953e-01,9.528395985224052955e-01,4.801022340396042254e-01,4.427445231191129982e-01,7.143048629269227456e-01,7.644203472724548920e-01,5.287940814159848291e-01,7.092909956890252055e-01,4.408062246030261533e-01,6.506749724052136585e-01,3.789078850881706373e-01,8.347939786903257886e-01,6.125780380128632574e-01,6.841124849799288254e-01,9.259419779351035773e-01,9.853708004239416507e-01,9.011796355487698973e-01,9.899798086267211916e-01,6.732082381413260208e-01,3.538035516170578432e-01,7.612949741914784019e-01
5.480165769403938514e-01,2.088428216121871739e-01,3.065238756161181577e-01,3.976485187785446795e-01,7.188553630145885220e-01,2.591138459084154078e-01,2.899970622680699273e-01,4.357491934967672176e-01,4.615561772495774817e-01,1.819071389625196433e-01,8.733479527059135883e-01,4.027207125519544073e-01,3.696339679100690834e-01,2.915261054987145495e-01,5.158307589312342012e-01,3.557730327007891935e-01,3.185302457899690798e-01,3.370099520698166540e-01,4.721927215134909539e-01,1.758107131040203830e-01,6.890214076732225079e-01,5.272228600666241105e-01,4.793129748922143607e-01,7.936183376423496805e-01,9.475677263449830967e-01,6.048104592637059129e-01,9.368193205707043836e-01,4.960269072353810094e-01,1.888541102019372364e-01,6.863539586382354507e-01
8.751467662331371411e-01,5.267307347393386241e-01,6.368248365607328543e-01,4.801368924543942818e-01,8.488124129462177869e-01,7.834170111198162090e-01,7.059963857706450518e-01,9.169675699427412008e-01,6.797782734816618655e-01,5.249155567165945113e-01,9.679065871085508199e-01,5.093905284487086904e-01,4.708237162948343824e-01,8.304431840655115415e-01,8.309101517641875878e-01,5.937601183347436251e-01,8.187243758452100728e-01,4.814109209965693470e-01,7.099798976009613627e-01,4.743700393251989444e-01,8.729408959460688289e-01,6.429693121261100819e-01,7.486725086687240349e-01,9.509836250294839699e-01,9.909889987134863354e-01,9.466226946877236426e-01,9.950323843165685966e-01,7.306603315173780810e-01,4.295445383730754352e-01,7.858608731323439844e-01
6.082518453875880304e-01,2.443279322373600182e-01,3.492840399314690591e-01,4.090377531420049673e-01,7.407080170673083774e-01,3.271107157495465878e-01,3.439553046791363755e-01,5.291004292819804222e-01,4.934350330741302804e-01,2.179752156832353294e-01,8.946246494114088454e-01,4.174397777965775935e-01,3.834291501173577865e-01,3.684469852636153009e-01,5.692571803065005209e-01,3.877991297751814392e-01,3.915449404806563560e-01,3.562312650721676244e-01,5.076345420254658736e-01,2.072325225429076101e-01,7.221309927359741421e-01,5.440239981275389880e-01,5.206701797463498815e-01,8.284949988899436013e-01,9.588659495036409020e-01,6.837095377146441555e-01,9.553589420850748803e-01,5.317103797839819457e-01,2.155092127215132991e-01,7.018249134196555827e-01
2.697973328070288335e-01,9.059038748391234908e-02,1.480846970954278474e-01,3.446407329434506561e-01,6.001548360494709522e-01,6.705478883687228386e-02,1.095736565731979667e-01,1.130336130489103807e-01,3.168602805072743833e-01,6.983184136868059166e-02,7.173862284711116644e-01,3.348078741433603844e-01,3.065773442693199846e-01,7.139970149808232136e-02,2.744797733084831104e-01,2.221940635990549417e-01,9.139390894824385436e-02,2.526496097371506155e-01,3.115051342465589568e-01,7.434007597755369623e-02,5.072790143997852885e-01,4.463092864408721994e-01,2.935662473943019268e-01,5.623627045255831236e-01,8.417529971841403169e-01,2.255331245808402107e-01,7.177560429557030552e-01,3.312487602299938882e-01,9.514150576238591950e-02,6.065824111684816611e-01
7.747767533656241268e-01,3.830324309469909094e-01,5.006490189065224694e-01,4.462815119851317180e-01,8.031744162072584903e-01,5.836942432952862969e-01,5.392747874777268358e-01,7.896258811681020617e-01,5.950511112441809747e-01,3.657203867418443166e-01,9.431008958582011159e-01,4.656639763893039019e-01,4.289887901471368670e-01,6.419984107047688182e-01,7.255056647933800784e-01,4.961765407434263198e-01,6.428103359910336545e-01,4.209919256480409433e-01,6.193842907285983523e-01,3.345386440952001217e-01,8.127748434955476275e-01,5.972095600387054004e-01,6.491171401807398489e-01,9.096026941500866547e-01,9.814339782346833685e-01,8.678016191922921507e-01,9.858495915551628297e-01,6.426049991026805408e-01,3.186767141106338630e-01,7.484601910796753188e-01
2.765785512668453294e-01,9.292454088096741005e-02,1.515007384413473157e-01,3.461184908390689263e-01,6.038230879671211415e-01,6.995636312597462714e-02,1.129834842315901172e-01,1.183302200969218315e-01,3.206935041613684367e-01,7.188635039472256183e-02,7.231731178840938856e-01,3.366819988955710441e-01,3.083054342793728475e-01,7.466298819840681833e-02,2.804453510185615506e-01,2.254855299845315297e-01,9.512715017980752363e-02,2.548695726684443441e-01,3.157230110389043221e-01,7.629537170136742319e-02,5.127838499581028886e-01,4.486158645167597769e-01,2.983291485318790848e-01,5.701003932128635432e-01,8.463794029300165667e-01,2.339718469001313417e-01,7.279077664657671587e-01,3.356350751030658941e-01,9.712674583547285800e-02,6.089815263798701306e-01
7.260894693799282429e-01,3.339388262581408640e-01,4.496502489687410620e-01,4.339925421622614632e-01,7.840507929466279391e-01,4.977372870445220809e-01,4.736029468710735157e-01,7.165757934798563378e-01,5.622242207252796664e-01,3.124373359176325082e-01,9.301322392019097940e-01,4.497495768779694592e-01,4.138898387605909335e-01,5.538340021211377584e-01,6.780603460971246221e-01,4.601204757095078701e-01,5.623428297200450121e-01,3.993542442405565995e-01,5.835636821300089760e-01,2.886465633239770345e-01,7.858441931005478720e-01,5.799734454622476054e-01,6.084341636712369272e-01,8.877937956388146645e-01,9.758600870403839611e-01,8.202089967193625375e-01,9.793076864189989017e-01,6.073288581577541700e-01,2.820734409694528599e-01,7.337284869079845340e-01
4.787157520252269816e-01,1.736785014966066576e-01,2.621856923878210233e-01,3.849844010650543269e-01,6.930124149973224679e-01,1.945770066031675960e-01,2.357882166445265659e-01,3.363283749561019609e-01,4.261245198805023726e-01,1.471215278713642050e-01,8.451716669343687371e-01,3.863918205803214545e-01,3.543863733202021749e-01,2.175178512262485042e-01,4.554334515490943147e-01,3.212826724034418824e-01,2.460622513384289889e-01,3.160427542790893440e-01,4.327232368767788273e-01,1.451199196469303287e-01,6.493863906267346442e-01,5.082751137129728480e-01,4.332120309779072254e-01,7.484915185154340511e-01,9.314006079524606019e-01,5.093952397767251838e-01,9.075633195908039408e-01,4.560031397761231120e-01,1.620105011208100299e-01,6.684659216383533886e-01
9.441704142682477707e-01,6.962126575432312503e-01,7.778770015685552153e-01,5.222492620669770824e-01,8.928441765019429210e-01,9.211754066537197749e-01,8.538613599885123140e-01,9.767338283347196670e-01,7.699367741277592936e-01,7.118759988837090047e-01,9.844371969404445144e-01,5.632272931434012531e-01,5.230979542259642789e-01,9.443820187709509595e-01,9.136843500237622484e-01,7.043485749044826605e-01,9.337841399966291256e-01,5.567354321185226107e-01,8.022763961498639018e-01,6.505415844810804593e-01,9.238100320176005908e-01,6.961131253765636684e-01,8.430404037489963587e-01,9.776376784215147220e-01,9.963404633144392619e-01,9.837825979412476718e-01,9.986504470120232124e-01,8.186020950716001998e-01,5.757822054699721637e-01,8.263080446189247086e-01
4.851241546405462568e-01,1.767202460504727068e-01,2.661039669221103576e-01,3.861480828170060775e-01,6.954548014414846380e-01,1.999890447420560602e-01,2.404895755702952664e-01,3.450695652620695553e-01,4.293717149216564888e-01,1.500887805737620151e-01,8.479753530089222391e-01,3.878902185264061497e-01,3.557831450894559100e-01,2.237477350541424714e-01,4.609852566469837543e-01,3.243952859663233323e-01,2.522697463273195218e-01,3.179502602406149014e-01,4.363415451711978310e-01,1.477572734731863180e-01,6.531462860788512792e-01,5.100273289792650599e-01,4.374349293507621139e-01,7.529223299188441132e-01,9.330694189353156975e-01,5.183480954885825165e-01,9.107090363291121538e-01,4.596846745004468660e-01,1.643551999240115413e-01,6.701399853707206145e-01
6.880558473628195504e-01,3.012865043728832348e-01,4.142416090349126390e-01,4.253719813624905477e-01,7.697725776937893727e-01,4.368839108300456298e-01,4.276917652708754347e-01,6.567460186113941445e-01,5.387189477031699703e-01,2.775361237795445635e-01,9.193928962924937665e-01,4.385837251047607910e-01,4.033343456247290293e-01,4.891737503802270348e-01,6.421499389294587079e-01,4.349144801522865644e-01,5.032583170701652175e-01,3.843194854936144988e-01,5.577306271481113908e-01,2.586336050722703450e-01,7.652159179450105375e-01,5.676946198052503778e-01,5.787639371065861349e-01,8.697598407647482155e-01,9.709781032992559346e-01,7.792128490765479754e-01,9.729944352697852405e-01,5.817293506574187090e-01,2.578500408154864587e-01,7.230125937115979839e-01
4.028576039382056884e-01,1.403141231656801213e-01,2.180887278862209400e-01,3.711093567679072946e-01,6.628458595907804618e-01,1.381003515204493326e-01,1.843345730520462855e-01,2.409891512433521843e-01,3.876825480471240426e-01,1.151545497178100702e-01,8.081253763007197888e-01,3.685643162389042882e-01,3.378039998246932796e-01,1.524516875842608643e-01,3.899718976951738747e-01,2.851724986338283752e-01,1.796985725106834131e-01,2.936194710611347292e-01,3.899143010946002907e-01,1.164062403921177075e-01,6.028713087263835035e-01,4.872194859712250525e-01,3.833961759936476699e-01,6.912830215683116730e-01,9.081295381550268386e-01,4.029914700376893144e-01,8.613658194062855378e-01,4.122578398978045122e-01,1.359148282575488864e-01,6.480282489962093662e-01
3.211801118245107833e-01,1.087436097724419209e-01,1.742963141081994294e-01,3.554069989207864766e-01,6.264379273828313277e-01,9.082890092306221408e-02,1.364097808196494954e-01,1.564113754426202652e-01,3.451500361551972929e-01,8.601344147466012668e-02,7.575892284909091501e-01,3.484923435416050763e-01,3.192102429019030296e-01,9.829592843392845336e-02,3.193967705911234245e-01,2.468008989936422426e-01,1.216350149756061511e-01,2.690108814119493430e-01,3.427158647218175314e-01,8.959718765442289956e-02,5.470153243337503302e-01,4.630565635585530693e-01,3.290221073239943950e-01,6.174805092510348148e-01,8.727899803360931186e-01,2.914395540563634590e-01,7.858822024498590686e-01,3.636295911332537156e-01,1.103687827814174016e-01,6.238307747983881102e-01
6.160176116428772719e-01,2.493145133599636021e-01,3.551451658239375697e-01,4.105517082933518580e-01,7.435141134347632574e-01,3.367682476513196299e-01,3.514447795561850829e-01,5.414362670390148180e-01,4.976609529732320958e-01,2.231127735305241666e-01,8.971898539371584436e-01,4.193981820823913242e-01,3.852683729424225545e-01,3.792545402817092404e-01,5.762309532833085335e-01,3.921153859860195823e-01,4.016636719743357786e-01,3.588101498899450292e-01,5.123240261423214204e-01,2.116847917663078615e-01,7.263442657590967189e-01,5.462394550331377552e-01,5.261311334106486548e-01,8.327396887153329930e-01,9.601734497531353441e-01,6.935023029433741160e-01,9.573835797384057100e-01,5.364135341157109105e-01,2.192315867044687117e-01,7.038379698560285336e-01
3.678957207240583505e-01,1.263308374225547981e-01,1.989568562804492347e-01,3.645377093465139717e-01,6.478954322441349278e-01,1.163148656363018063e-01,1.629622957097879021e-01,2.024297825379287874e-01,3.697262789136064876e-01,1.021024055689528781e-01,7.881275807907552888e-01,3.601490427352557200e-01,3.299989098059309955e-01,1.274199321112703398e-01,3.598296575022882915e-01,2.687708212789587381e-01,1.532534162379342035e-01,2.832167745686741678e-01,3.699573950726214311e-01,1.044887629335185253e-01,5.798583683566844726e-01,4.771475812783930182e-01,3.603141370922590125e-01,6.614806689468115675e-01,8.946371550367743231e-01,3.545205024498978563e-01,8.330723029092211851e-01,3.917467620715519017e-01,1.247238356160684791e-01,6.380396667102690156e-01
6.807179269594252347e-01,2.954540632135001510e-01,4.077825769841430525e-01,4.237836142954703456e-01,7.670625939849994301e-01,4.257888464568843623e-01,4.193180536669667280e-01,6.450424653444788436e-01,5.343528468444979085e-01,2.713550888876323786e-01,9.172499982836447296e-01,4.365266179698468751e-01,4.013930428207604928e-01,4.771990267915686146e-01,6.353198357710755362e-01,4.302888633389701512e-01,4.922793358650951467e-01,3.815640267082190396e-01,5.529176780893919618e-01,2.533148834054489429e-01,7.612564233598880792e-01,5.654157705907852938e-01,5.732108390673434917e-01,8.661687328399941821e-01,9.699763849139733107e-01,7.709438560326211665e-01,9.716378864211219213e-01,5.769452767987488517e-01,2.535249816074077178e-01,7.210033180914847684e-01
8.089202625666519486e-01,4.239682195778501916e-01,5.413017817296005285e-01,4.561152509783794606e-01,8.174672597285512765e-01,6.489171394766405365e-01,5.907193742942142833e-01,8.371698069789610397e-01,6.206111916494950753e-01,4.107181513969245801e-01,9.517736413596515899e-01,4.783885297145843984e-01,4.411089133821260999e-01,7.061980514145193011e-01,7.600133717596032623e-01,5.249350394015575016e-01,7.017959239733749799e-01,4.384463037587352230e-01,6.470269402378812096e-01,3.735239307405282538e-01,8.322965543731632998e-01,6.107672932218466411e-01,6.800621359754424056e-01,9.241572216542498497e-01,9.849509141508850929e-01,8.976546270101989355e-01,9.895606024370776632e-01,6.696505946424621269e-01,3.495469196796987532e-01,7.597973138389734205e-01
8.317517266654295138e-01,4.552896679037275462e-01,5.713557831345776883e-01,4.634867916698129919e-01,8.276125028317666832e-01,6.944017797771708800e-01,6.279683366815450585e-01,8.667419044513966497e-01,6.392927311453500128e-01,4.453954836257222327e-01,9.574195036897669153e-01,4.879167892585936639e-01,4.502130933577970784e-01,7.494917741211885032e-01,7.837872427826558797e-01,5.463290855871105745e-01,7.419924663103049101e-01,4.515925561680542155e-01,6.670715180643295161e-01,4.038039253517950455e-01,8.457979356047976571e-01,6.207894935056477159e-01,7.022121308879237800e-01,9.335950812556021994e-01,9.871425565102380784e-01,9.159059729255052407e-01,9.916885638224813837e-01,6.891649509723539735e-01,3.734871803908557109e-01,7.680382608726117333e-01
4.972132921523654270e-01,1.825662646577153880e-01,2.735891808239211409e-01,3.883447324046096494e-01,7.000279538177566208e-01,2.104937139734901208e-01,2.495227069245817553e-01,3.618278690788042096e-01,4.355078421856439230e-01,1.558147552255348955e-01,8.531458932811031293e-01,3.907199078098549383e-01,3.584222244130803037e-01,2.358308514856218008e-01,4.714736606035985766e-01,3.303036890945884041e-01,2.642475258832852614e-01,3.215618422971227575e-01,4.431789038498396005e-01,1.528353195434180023e-01,6.601803449442638083e-01,5.133289168162122884e-01,4.454177881131518024e-01,7.611292105189256807e-01,9.361124824439640557e-01,5.351844341719614873e-01,9.163760740173738650e-01,4.666346911867491620e-01,1.688480931322613732e-01,6.732832685743227463e-01
6.401634336446063167e-02,2.436840749833660974e-02,4.417158788581435069e-02,2.757808505348667283e-01,4.133750853173178141e-01,7.548333533197142640e-03,2.192227897643274012e-02,9.779667444687289296e-03,1.624599198144832668e-01,1.581954198494456981e-02,3.805874943883869044e-01,2.494497357115149916e-01,2.284628123592679361e-01,7.058376379463508245e-03,8.004767531138180792e-02,1.007775286300560541e-01,1.123561257458947742e-02,1.592899323191034888e-01,1.466859285475957397e-01,1.967536263508872299e-02,2.575330897863361557e-01,3.370754208549982534e-01,1.184596159866735110e-01,2.132936607361673176e-01,4.838091325524940811e-01,2.688260963174300688e-02,1.723002216832779931e-01,1.574609572270625479e-01,3.289993115570411658e-02,4.839848432886543206e-01
7.818011124240423770e-01,3.909525260428333704e-01,5.086415293012884753e-01,4.482075343731197203e-01,8.060433952636807398e-01,5.968035706233305593e-01,5.494687335067625078e-01,7.996961307160170840e-01,6.001108598315471054e-01,3.743915973939385133e-01,9.449104886559912542e-01,4.681571590966470686e-01,4.313601651969568573e-01,6.550958086406245551e-01,7.325127242009056294e-01,5.018220987833028612e-01,6.548013216095530664e-01,4.244018437551237977e-01,6.248748814973120735e-01,3.420298456642225648e-01,8.167376914964322721e-01,5.998816373779117805e-01,6.552976244409658424e-01,9.126433177837832700e-01,9.821822586350700268e-01,8.741877329438553224e-01,9.866679661112280897e-01,6.479893171415188613e-01,3.246187900546102512e-01,7.507119440897851437e-01
9.410937053513956929e-01,6.862524878450042554e-01,7.700586631010180039e-01,5.195313857743487640e-01,8.903789789062025450e-01,9.154947882803433634e-01,8.465454485293626430e-01,9.746902782245868702e-01,7.646856008150924033e-01,7.010942984769924502e-01,9.836867114404023171e-01,5.597797976868215120e-01,5.197233597789355786e-01,9.400089392331363314e-01,9.096929233366032319e-01,6.977327978218940130e-01,9.290875568348172520e-01,5.519097552560128239e-01,7.970462025679406759e-01,6.398328668652714102e-01,9.211860835342717824e-01,6.928148151726604143e-01,8.379343473359773808e-01,9.764608289476180980e-01,9.961205737086240575e-01,9.824648748176333379e-01,9.985317214698924415e-01,8.136678825472052345e-01,5.664576815127932985e-01,8.238881127592158071e-01
2.995496150073724828e-01,1.009654760202379348e-01,1.631638348666999694e-01,3.509875487154734408e-01,6.157742939068243659e-01,8.030882033100439354e-02,1.248268787361201948e-01,1.372352707105770897e-01,3.334386061787599775e-01,7.902409981095016855e-02,7.416365991309703531e-01,3.428666288254349492e-01,3.140126638514583735e-01,8.635302686163078001e-02,3.005619897068467772e-01,2.365256059811353118e-01,1.083485631357888612e-01,2.622425293536392310e-01,3.297731977546227711e-01,8.304580926411317399e-02,5.308154592432506869e-01,4.561983891630146393e-01,3.142616799808934380e-01,5.952280982489526195e-01,8.607832766651624112e-01,2.631702135266845710e-01,7.595640056655378336e-01,3.502231669816031068e-01,1.039016592887994084e-01,6.168151669444673635e-01
6.357529074804902924e-01,2.624761266577873009e-01,3.704488514531273924e-01,4.144612721394386745e-01,7.506538262607181933e-01,3.622794381375737949e-01,3.710797142199728227e-01,5.729598829274261673e-01,5.085521951072660141e-01,2.367480626377977959e-01,9.035474754022290167e-01,4.244570163288398090e-01,3.900234928353048525e-01,4.076427138740497114e-01,5.940583070043318203e-01,4.033159120653775909e-01,4.281115449124393568e-01,3.654939725475577217e-01,5.243979123381091734e-01,2.234799025402633144e-01,7.370174115212207999e-01,5.519405527012929413e-01,5.401733467080295226e-01,8.432918961895268239e-01,9.633619876053645115e-01,7.179370965399436422e-01,9.622046473098281316e-01,5.485028268545301122e-01,2.290369725819064450e-01,7.089895758583998342e-01
3.720875792014621264e-01,1.279676036343455892e-01,2.012173979572078331e-01,3.653353047412998822e-01,6.497322471538011790e-01,1.187987941595315261e-01,1.654540321411126780e-01,2.068676674696230400e-01,3.718947577834524343e-01,1.036187284660611274e-01,7.906419954249583881e-01,3.611693123439013164e-01,3.309444545413066097e-01,1.302691448116354289e-01,3.634468345284425639e-01,2.707358669978479626e-01,1.562946379925809481e-01,2.844715452245035747e-01,3.723654506102781481e-01,1.058801741529518670e-01,5.826814603453518426e-01,4.783732159399416983e-01,3.630929743170875357e-01,6.651851582845791366e-01,8.963691481077775691e-01,3.602874479532079954e-01,8.367499495458828873e-01,3.942256209669403044e-01,1.260430962910173425e-01,6.392625854638804839e-01
5.045299227578337042e-01,1.861755409840279152e-01,2.781810638277968928e-01,3.896759568347171188e-01,7.027756497733500529e-01,2.170429968634969842e-01,2.550967012359742769e-01,3.721357453332324594e-01,4.392300481191971917e-01,1.593648037408199603e-01,8.562029245924274168e-01,3.924355099354158161e-01,3.600231005041094057e-01,2.433571320579199782e-01,4.778321817580405417e-01,3.339047120934904855e-01,2.716688076415816888e-01,3.237573551847922615e-01,4.473262762116154145e-01,1.559765332692576167e-01,6.644022617759963723e-01,5.153258901985993123e-01,4.502615410197221002e-01,7.660028354964296682e-01,9.378905021359704719e-01,5.453343771954582975e-01,9.196441361415191862e-01,4.708460466435731573e-01,1.716135825325393882e-01,6.751775032992417547e-01
5.072849922736516470e-01,1.875489650960189547e-01,2.799225685045593215e-01,3.901777164329957026e-01,7.038066442650550147e-01,2.195472846104234432e-01,2.572169363147632781e-01,3.760485678313941760e-01,4.406336081164780594e-01,1.607186239701579589e-01,8.573403869448454895e-01,3.930822879372526391e-01,3.606267921246731900e-01,2.462333701838712308e-01,4.802287416256231234e-01,3.352659025594970088e-01,2.744972542349012334e-01,3.245861959747907144e-01,4.488900879914797248e-01,1.571730673398557265e-01,6.659854689362546543e-01,5.160778161938045505e-01,4.520881697153796286e-01,7.678202171292879408e-01,9.385480398462743290e-01,5.491475056708073899e-01,9.208443730557411833e-01,4.724331294425181960e-01,1.726643195452924606e-01,6.758893829377798923e-01
8.639497251275035650e-01,5.065071009724492201e-01,6.187020501457450861e-01,4.754211830133717176e-01,8.430428353435102107e-01,7.602748985030715057e-01,6.848839639727513084e-01,9.048314614586980831e-01,6.685666146161532986e-01,5.023756003399004744e-01,9.652237903130250762e-01,5.033165833112562826e-01,4.649806449061782976e-01,8.098998775709398412e-01,8.184737792968418413e-01,5.804806932914990947e-01,7.989994673685139048e-01,4.729538080773851294e-01,6.981755790614786461e-01,4.541792519930937244e-01,8.657062576488693262e-01,6.367527606078630109e-01,7.360315699831480041e-01,9.465583430252368924e-01,9.900344709064174964e-01,9.392098499832779446e-01,9.942529112107243439e-01,7.192827786797003631e-01,4.134361314771235474e-01,7.809226920729214205e-01
2.960231926001787306e-01,9.971699320058989569e-02,1.613634249304347068e-01,3.502527370672465779e-01,6.139841539897967770e-01,7.866586992464695560e-02,1.229787390976239958e-01,1.342358396595081105e-01,3.315042427736791253e-01,7.790987400971852161e-02,7.389097540884378423e-01,3.419323576246723895e-01,3.131500620276965741e-01,8.449329232228913744e-02,2.974821498434616629e-01,2.348404881824594781e-01,1.062602772168832893e-01,2.611241534753713234e-01,3.276383009083944087e-01,8.199621004733409491e-02,5.281056728219852836e-01,4.550558283627798573e-01,3.118344137847733899e-01,5.914747365032861914e-01,8.586902278976977776e-01,2.586295804425488010e-01,7.549647228218513417e-01,3.480088413886315846e-01,1.028559630400123354e-01,6.156399600356764479e-01
5.870776039389832279e-01,2.312397014778673487e-01,3.337309173086930869e-01,4.049699091553923269e-01,7.330537579042574192e-01,3.018397976853083864e-01,3.241786147058355882e-01,4.957500829242812435e-01,4.820626499886699334e-01,2.045688705553647957e-01,8.874352988005979048e-01,4.121796586064104262e-01,3.784935317281541978e-01,3.400196173128930965e-01,5.503500191267244324e-01,3.762660067837110267e-01,3.647794896708638768e-01,3.493290043066966111e-01,4.950032445110564283e-01,1.955898383935801566e-01,7.105902059096144141e-01,5.380502209543065462e-01,5.059450645379687250e-01,8.166417714254232685e-01,9.551381438103760946e-01,6.565359896726796762e-01,9.494421901434086930e-01,5.190209323174017619e-01,2.057153126054969972e-01,6.963656716544160963e-01
7.835321404352092456e-01,3.929415364756351225e-01,5.106389207458851276e-01,4.486892355311198899e-01,8.067555851044359017e-01,6.000598504678265055e-01,5.520108208563160312e-01,8.021562417345723395e-01,6.013723820558650734e-01,3.765720857529191168e-01,9.453543013926432037e-01,4.687806439744240938e-01,4.319534443569271187e-01,6.583342704155761282e-01,7.342464607532666054e-01,5.032333266059567656e-01,6.577689444518463047e-01,4.252553743553649235e-01,6.262424462556857030e-01,3.439150082828414390e-01,8.177180781212117777e-01,6.005486672782160973e-01,6.568345129584352016e-01,9.133888136794386936e-01,9.823646349716014248e-01,8.757422792898035269e-01,9.868651345551403553e-01,6.493294643658391596e-01,3.261131208907440127e-01,7.512727161973450363e-01
5.384527451898553085e-01,2.036679563858571074e-01,3.001269072853326447e-01,3.958830457439188044e-01,7.153502045983959334e-01,2.493836044973861410e-01,2.820505948066169277e-01,4.214380960801553666e-01,4.566092681696849453e-01,1.767244800125996051e-01,8.697188038250339703e-01,4.004416482058601456e-01,3.675023192565499697e-01,2.804172638014294505e-01,5.074396572240996717e-01,3.508877565694489276e-01,3.078130543156382126e-01,3.340602479784381962e-01,4.666850401755285871e-01,1.712664121024103925e-01,6.836696819844408912e-01,5.245977613233281378e-01,4.728783560304727906e-01,7.877341466329400577e-01,9.455613641188929108e-01,5.918766996217288412e-01,9.333485476764421529e-01,4.904598406464478755e-01,1.849357851468111102e-01,6.839037438173717343e-01
6.941895771327215581e-01,3.062702694558308569e-01,4.197278119067935909e-01,4.267166135089845436e-01,7.720473504505254159e-01,4.463180440454008191e-01,4.348068634117169817e-01,6.664989087262054301e-01,5.424071540904465971e-01,2.828311347250455632e-01,9.211656940569887819e-01,4.403252608704431026e-01,4.049786520229382569e-01,4.993121297861436991e-01,6.478821971895613041e-01,4.388356862506032630e-01,5.125422174639047146e-01,3.866558457128691506e-01,5.617929684124431944e-01,2.631885073480292325e-01,7.685291172116782699e-01,5.696198211035525816e-01,5.834452551908894113e-01,8.727329122077269741e-01,9.717999744381863314e-01,7.860379966786960049e-01,9.740923736837686642e-01,5.857637498149534938e-01,2.615455147591322360e-01,7.247050360559612603e-01
6.705819514433692952e-01,2.876195230935160718e-01,3.990398150167004387e-01,4.216235494486056390e-01,7.633373130342638868e-01,4.108040087935837525e-01,4.079922051820064066e-01,6.288269269317106058e-01,5.283999512028089152e-01,2.630797161883000057e-01,9.142490818059514357e-01,4.337293373531444507e-01,3.987548877124895141e-01,4.609398347557161491e-01,6.259326350001090944e-01,4.240106351849250998e-01,4.773451972347450001e-01,3.778246516295077351e-01,5.463489264279787205e-01,2.461904200015579414e-01,7.557922159275578533e-01,5.623086296894757030e-01,5.656206532414559396e-01,8.611451264802979511e-01,9.685585138037084985e-01,7.593395769479522883e-01,9.696841393234152395e-01,5.704085423041430625e-01,2.477138242778719190e-01,7.182533242999327161e-01
3.395139646357361873e-01,1.155095123690635661e-01,1.838652438135254530e-01,3.590494464275651998e-01,6.350917775244717678e-01,1.003643779065895442e-01,1.465716445897680409e-01,1.737191011391775730e-01,3.548963748255355433e-01,9.215760630518581020e-02,7.701608509733685048e-01,3.531372047581745610e-01,3.235060965802090682e-01,1.091655058316615273e-01,3.352973133104337755e-01,2.554475518977642468e-01,1.335559634722042477e-01,2.746425570858252452e-01,3.535072326835220213e-01,9.531322449570417410e-02,5.602267336198497594e-01,4.686907863748409619e-01,3.413842835051923430e-01,6.353712419987004312e-01,8.819650273111716565e-01,3.159043793389121335e-01,8.058507416765519071e-01,3.747841921097584406e-01,1.159323100478215629e-01,6.295451624566086313e-01
8.595826448755987670e-01,4.989908082733992001e-01,6.118864506860797192e-01,4.736717081505178450e-01,8.408559211368777930e-01,7.512650862098106952e-01,6.768416167475103107e-01,8.999359293509772151e-01,6.643546307330304712e-01,4.940010626846323416e-01,9.641738627249600846e-01,5.010614953827494666e-01,4.628139636265021228e-01,8.018040303438538352e-01,8.136794745997762979e-01,5.755202481799069902e-01,7.912798534793187288e-01,4.698180823707196474e-01,6.937248674591990349e-01,4.467187508229737425e-01,8.629333273065129539e-01,6.344332690686662612e-01,7.312366050472949297e-01,9.448215819106947633e-01,9.896552123426500813e-01,9.362204962686012655e-01,9.939335774872793960e-01,7.149854512991702382e-01,4.075013609994797004e-01,7.790688379682723097e-01
7.993137885098638984e-01,4.118000227506885547e-01,5.293853812677061788e-01,4.532209104928671684e-01,8.133517264675359515e-01,6.301970406490670085e-01,5.757514711019606768e-01,8.241664242256174777e-01,6.131605728629017094e-01,3.972986491412083820e-01,9.493636588165107471e-01,4.746447366647759125e-01,4.375384783469977168e-01,6.880213960382115523e-01,7.501862476446028438e-01,5.164906437066485445e-01,6.850349787396791124e-01,4.332980838663474388e-01,6.389940367627758855e-01,3.618663050978647711e-01,8.267331583197461420e-01,6.067989812732401678e-01,6.711147831699411093e-01,9.201181666639112189e-01,9.839914305847030640e-01,8.895604484900500042e-01,9.885829960737108069e-01,6.618071732124489737e-01,3.403270075154463670e-01,7.565015858432718732e-01
6.528594669782357141e-01,2.744991478835432375e-01,3.842236421628552057e-01,4.179326088262974581e-01,7.568649229885412444e-01,3.855443950027752642e-01,3.888337581710599178e-01,6.003988970146691972e-01,5.181910092755885877e-01,2.492947109290512553e-01,9.088821372881660254e-01,4.289503971369830193e-01,3.942521735597969146e-01,4.333152777225464103e-01,6.096433533326472975e-01,4.133203511517073991e-01,4.518868922866469684e-01,3.714568264479499171e-01,5.350672051084753855e-01,2.343103675287925847e-01,7.462429771291773095e-01,5.569781058197256218e-01,5.525567763864583926e-01,8.521785674550859113e-01,9.659795175919406729e-01,7.385591947366163534e-01,9.660329983265111276e-01,5.591619432790340127e-01,2.379746801443285431e-01,7.135074237001043373e-01
7.423032013245330907e-01,3.492650051161177993e-01,4.658491089040360800e-01,4.379031225360335844e-01,7.902913727510214592e-01,5.253785087889398797e-01,4.945533936907787753e-01,7.414535565534221551e-01,5.727656556216067507e-01,3.289769280712225297e-01,9.345397258534836604e-01,4.548146965680851528e-01,4.186883844618873862e-01,5.826058526689816830e-01,6.936582039633905072e-01,4.715906424400179153e-01,5.885821219202280741e-01,4.062156750544223538e-01,5.951018079770273861e-01,3.028735981255221699e-01,7.947263087172729001e-01,5.854929661224231863e-01,6.216023733727803480e-01,8.952059018642934962e-01,9.777950347488133520e-01,8.366897061373244071e-01,9.816640428720431188e-01,6.187197020634727096e-01,2.934665005384498038e-01,7.384852219268066564e-01
3.200265188272935490e-01,1.083233709786701748e-01,1.736984976144932136e-01,3.551748397624137632e-01,6.258821904363850441e-01,9.024823684607147234e-02,1.357811226266094906e-01,1.553547731078718519e-01,3.445316244796405303e-01,8.563376330845555440e-02,7.567703193371396742e-01,3.481965406993404177e-01,3.189368043792899510e-01,9.763529044532780199e-02,3.183945048605213990e-01,2.462551906035406746e-01,1.209054112920996127e-01,2.686535548249656125e-01,3.420317407667243792e-01,8.924268650076089271e-02,5.461687671612457384e-01,4.626968885782662966e-01,3.282400315205785679e-01,6.163259550170691048e-01,8.721835404001501146e-01,2.899148018437834873e-01,7.845569415049370443e-01,3.629217197920202587e-01,1.100213886227196930e-01,6.234644797363305679e-01
2.572657816874601711e-01,8.632091863709749624e-02,1.417998364895914354e-01,3.418548362127126206e-01,5.931885138257758650e-01,6.187177783925369712e-02,1.033726351126024734e-01,1.035829762968840245e-01,3.096803111186245405e-01,6.609499514520603136e-02,7.062466716082653750e-01,3.312785610438399586e-01,3.033247437863919593e-01,6.558698551353658868e-02,2.634183461262745718e-01,2.160648588390731151e-01,8.469383033603609945e-02,2.484872733131723577e-01,3.036152782911645254e-01,7.076853583439492168e-02,4.968668651786728452e-01,4.419544554856171814e-01,2.846834136176152330e-01,5.476522221316491024e-01,8.326971478007855199e-01,2.101737522732251562e-01,6.979473514883189900e-01,3.230352486777116616e-01,9.148690814671717186e-02,6.020322277747682804e-01
5.136390148200241645e-01,1.907471682103688837e-01,2.839655605019452134e-01,3.913361689459650128e-01,7.061772415596243579e-01,2.254036467412218192e-01,2.621521041556586495e-01,3.851367214622672397e-01,4.438752288952012015e-01,1.638773642501380468e-01,8.599359243903014205e-01,3.945758425100556188e-01,3.620211972737436557e-01,2.529557368379596327e-01,4.857609314491661001e-01,3.384166312508651853e-01,2.810918908561301222e-01,3.265025374553616744e-01,4.525016326158282642e-01,1.599619673407581266e-01,6.696236725058970496e-01,5.178122377606013682e-01,4.563070770747774674e-01,7.719752733217783991e-01,9.400402476033139498e-01,5.579217391988066099e-01,9.235510469357938179e-01,4.760966271300183794e-01,1.751077940365673713e-01,6.775285955447083452e-01
6.600968788696869316e-01,2.797717624263424407e-01,3.902044041957300480e-01,4.194274472279464483e-01,7.595025540960537169e-01,3.957161400837946319e-01,3.965608734003359670e-01,6.120143289001049869e-01,5.223309607141300992e-01,2.548230491866615433e-01,9.110928371961085626e-01,4.308857356452810983e-01,3.960749867722889173e-01,4.444713800531802650e-01,6.162771144625337483e-01,4.176438321232852635e-01,4.621822913803341204e-01,3.740324398769273029e-01,5.396446212018229938e-01,2.390768583468183550e-01,7.501427382797090093e-01,5.591401958643660297e-01,5.578613012123356807e-01,8.558690267962806297e-01,9.670484967868598902e-01,7.471191780298251928e-01,9.675613115883900939e-01,5.637281324188543330e-01,2.418899205438031497e-01,7.154366757114106745e-01
3.230263273240686628e-01,1.094174787251253333e-01,1.752540777522567650e-01,3.557777770788905225e-01,6.273244577439684999e-01,9.176289004334435562e-02,1.374184984148546784e-01,1.581103416857940203e-01,3.461384035245204105e-01,8.662275086605980556e-02,7.588927086687816681e-01,3.489648285200232514e-01,3.196470395714897106e-01,9.935887881467388161e-02,3.210003290343457771e-01,2.476737944848641515e-01,1.228076718067687145e-01,2.695819678290654609e-01,3.438094090068947728e-01,9.016577297156048998e-02,5.483662693349268258e-01,4.636308565235957579e-01,3.302726393135788641e-01,6.193209805654557032e-01,8.737530533264843413e-01,2.938835433454481394e-01,7.879856396512715522e-01,3.647609166553621440e-01,1.109253815059367543e-01,6.244152635247067762e-01
7.624655545279136470e-01,3.697058523080266612e-01,4.870572674457305795e-01,4.430095800915544446e-01,7.982216917281859114e-01,5.611339819323735156e-01,5.218664057582114157e-01,7.716575798747243864e-01,5.863997645549318127e-01,3.511733084713825614e-01,9.398944347956585954e-01,4.614277245443237363e-01,4.249632314699869351e-01,6.192374779458746925e-01,7.133299630194734897e-01,4.865779257247559997e-01,6.220067671908185991e-01,4.152099792771207221e-01,6.099763841483042404e-01,3.219889971495656367e-01,8.058842319212555783e-01,5.926518487287969483e-01,6.384908575843294409e-01,9.042120480078307265e-01,9.800899475752716805e-01,8.563108515174888691e-01,9.843425877481151165e-01,6.333650480009525019e-01,3.087055942329569036e-01,7.445996487043722301e-01
9.000165833179035735e-01,5.774167492421587999e-01,6.809363537349288897e-01,4.920952585556130909e-01,8.626472698210702061e-01,8.346266210281869657e-01,7.555754209405942667e-01,9.416471180831298415e-01,7.072452223808785021e-01,5.813505731236637830e-01,9.738361282053311641e-01,5.247587603175770665e-01,4.856558254791070728e-01,8.745594035826161905e-01,8.593677152362696470e-01,6.267491430318087309e-01,8.618951146161530907e-01,5.028685933942398378e-01,7.386191608631640371e-01,5.257357100953377049e-01,8.897862682995385519e-01,6.584977201310537875e-01,7.788492813570625506e-01,9.606869031429137173e-01,9.930201651260134321e-01,9.617573909905680063e-01,9.965674032718337960e-01,7.581428973004773475e-01,4.709418792276624521e-01,7.980042567183254221e-01
4.380871468936920476e-01,1.552424728197669690e-01,2.380793413267413006e-01,3.775923692516390262e-01,6.771797705455043781e-01,1.626607101466797378e-01,2.073092732673930405e-01,2.833389774164835062e-01,4.055705018369795689e-01,1.293213362868831651e-01,8.262842886748863469e-01,3.768847399555467770e-01,3.455351218448670658e-01,1.807427193791225906e-01,4.203334113420735263e-01,3.018061583858865915e-01,2.089275569494069007e-01,3.040213280259849160e-01,4.098250223758813093e-01,1.292050972700651279e-01,6.249786967551452799e-01,4.970942655358230322e-01,4.065252412133322224e-01,7.190079651211869205e-01,9.198181695421635551e-01,4.523827520137263525e-01,8.850648335483832785e-01,4.326471245594349924e-01,1.476841551364994898e-01,6.576874139042061529e-01
6.004386706415669739e-01,2.394141205484185408e-01,3.434738627486995100e-01,4.075270187175355496e-01,7.378848536848197082e-01,3.176068662127202735e-01,3.365499204107923470e-01,5.167412140982612367e-01,4.892142370897493708e-01,2.129284992654623676e-01,8.920057709836659576e-01,4.154859110104189845e-01,3.815950748074579124e-01,3.577804176571839356e-01,5.622627765079555306e-01,3.835046621216494089e-01,3.815284679894069830e-01,3.536632351725597090e-01,5.029483627893027720e-01,2.028541083097004927e-01,7.178822808691325275e-01,5.418089956471897617e-01,5.152097001532686127e-01,8.241696665234187202e-01,9.575187804009145376e-01,6.737610287378791307e-01,9.532449582400729371e-01,5.270062533049543196e-01,2.118365140453754014e-01,6.998060164014533457e-01
7.973573224229766332e-01,4.093881590027487194e-01,5.270069056944616248e-01,4.526446602991460177e-01,8.125233261028607101e-01,6.264181849809064007e-01,5.727519053138443450e-01,8.214803608384684264e-01,6.116697593741610151e-01,3.946428324878604732e-01,9.488700974615100758e-01,4.738992109406344744e-01,4.368279229895178362e-01,6.843274876691600728e-01,7.481967061157701604e-01,5.148070392244542548e-01,6.816355351311900179e-01,4.322741173105163481e-01,6.373841901206028782e-01,3.595626272381796662e-01,8.256075302441052699e-01,6.060066938660609859e-01,6.693170653995662578e-01,9.192903675932996288e-01,9.837932102085310548e-01,8.878823638951385266e-01,9.883776852986749795e-01,6.602337221316647575e-01,3.385042709327046873e-01,7.558413478494447890e-01
2.717628088637348838e-01,9.126515381788730119e-02,1.490736539991027176e-01,3.450711057908197321e-01,6.012251005733876275e-01,6.788869972634177519e-02,1.105579988684398662e-01,1.145555409876428815e-01,3.179749098580017530e-01,7.042493934212933071e-02,7.190803278089779038e-01,3.353535391712051950e-01,3.070804251549588693e-01,7.233692265095223450e-02,2.762102301339537935e-01,2.231497801127750036e-01,9.246811485937098118e-02,2.532952775484413888e-01,3.127312182065272728e-01,7.490512415800931745e-02,5.088835988965014767e-01,4.469812870920921166e-01,2.949497667815934587e-01,5.646211036783397308e-01,8.431128920120579684e-01,2.279700581226227207e-01,7.207383223431889085e-01,3.325241371265885704e-01,9.571630970191696841e-02,6.072821518864195411e-01
2.792996625187020854e-01,9.386606493216824443e-02,1.528747324281460040e-01,3.467059787424143225e-01,6.052761554173748948e-01,7.114015679176877160e-02,1.143626504301231972e-01,1.204918561855728570e-01,3.222220426994247267e-01,7.271733904929342240e-02,7.254500923436590920e-01,3.374274467541100164e-01,3.089929714065160482e-01,7.599612316012106794e-02,2.828354710981668685e-01,2.268017698936970195e-01,9.664670559290999829e-02,2.557544360098170655e-01,3.174059880488515617e-01,7.708461756689899413e-02,5.149684532818887828e-01,4.495321818921600432e-01,3.002322623693117754e-01,5.731629568584412082e-01,8.481851278647736248e-01,2.373821837635594345e-01,7.318739412128038024e-01,3.373843661042446596e-01,9.792507556716079087e-02,6.099325095825408605e-01
6.204381157616132292e-01,2.522002818530141854e-01,3.585210818011572154e-01,4.114193720980474644e-01,7.451119140502087124e-01,3.423608627915770697e-01,3.557667300565452995e-01,5.484780033623910533e-01,5.000809251920078635e-01,2.260931784661860400e-01,8.986336843588161871e-01,4.205207226701582757e-01,3.863230024647004157e-01,3.854981684390647034e-01,5.802107267584755146e-01,3.945945581929697354e-01,4.074962665457320665e-01,3.602905272361014988e-01,5.150083248596818430e-01,2.142655062404543453e-01,7.287388002164016942e-01,5.475072184888646332e-01,5.292553747322774615e-01,8.351321904283420805e-01,9.609040992790703894e-01,6.990328058800221456e-01,9.585030896445931869e-01,5.391037242666177898e-01,2.213837593514327851e-01,7.049871047234922417e-01
8.465618597541924029e-01,4.776949185331611503e-01,5.923320141106295234e-01,4.687153768245157504e-01,8.345214090674976104e-01,7.245151680019840112e-01,6.534765175849462926e-01,8.848230746738371399e-01,6.522717918214897548e-01,4.702920494435435250e-01,9.610287335029811251e-01,4.946681013281110650e-01,4.566790415276474335e-01,7.774530097049187072e-01,7.995581478130279196e-01,5.613769977238534103e-01,7.682196273549689591e-01,4.609416557675685699e-01,6.809104060744385345e-01,4.257080722048348087e-01,8.548092537550979753e-01,6.278235194496140092e-01,7.173466034606865716e-01,9.396045998676012534e-01,9.885005887919139367e-01,9.269857226516151627e-01,9.929291542696820905e-01,7.025896987429293139e-01,3.908268157539105947e-01,7.737519961897022513e-01
2.548210217340397543e-01,8.549438081867039019e-02,1.405775992292404297e-01,3.413024427360329405e-01,5.917994187428463615e-01,6.088724731896384690e-02,1.021778021076791554e-01,1.017899979065774452e-01,3.082640521975741343e-01,6.537478770198831834e-02,7.040024222409018151e-01,3.305793660346509344e-01,3.026806305135006925e-01,6.448538407016569940e-02,2.612543726422840717e-01,2.148614066884382556e-01,8.341644865589339930e-02,2.476655191172427439e-01,3.020606925561130640e-01,7.007785168185036440e-02,4.947975376734004560e-01,4.410899946158134410e-01,2.829373885376847420e-01,5.447178010924447200e-01,8.308487843685405938e-01,2.072143103433462807e-01,6.939177226815650412e-01,3.214155764861907350e-01,9.077577854373826416e-02,6.011257692035270050e-01
2.665231182899291951e-01,8.946946369640214336e-02,1.464392428891781450e-01,3.439199448291175298e-01,5.983587952340954086e-01,6.567834347590514876e-02,1.079410088615581353e-01,1.105222348465532273e-01,3.149967307494369040e-01,6.884808673129358403e-02,7.145328626201495892e-01,3.338942606713089511e-01,3.057351491863292692e-01,6.985390882744522967e-02,2.715944723545466455e-01,2.205987275612575349e-01,8.961856052209921097e-02,2.515698345205206743e-01,3.094559812517462816e-01,7.340176957820632175e-02,5.045892074307215536e-01,4.451833692202766257e-01,2.912558237889580903e-01,5.585715831118215347e-01,8.394521946632672593e-01,2.214900649461329918e-01,7.127142773680453791e-01,3.291166208524516357e-01,9.418498726432940338e-02,6.054085766848639194e-01
6.088930035786951356e-01,2.447357060694454189e-01,3.497646496430272256e-01,4.091622680807375789e-01,7.409396755956070280e-01,3.279000401860991398e-01,3.445687350785105463e-01,5.301170657716348655e-01,4.937827464052094717e-01,2.183947314836846010e-01,8.948378479284884168e-01,4.176008326481960853e-01,3.835803701275936062e-01,3.693315095454845487e-01,5.698321127225589589e-01,3.881536498628657683e-01,3.923742035801058847e-01,3.564431629666160450e-01,5.080204900861045036e-01,2.075962622446603234e-01,7.224791957761440564e-01,5.442063696197873002e-01,5.211197525802266917e-01,8.288474845991831153e-01,9.589750738926147156e-01,6.845216997590722885e-01,9.555289496192127530e-01,5.320976150477076949e-01,2.158137790921303423e-01,7.019908598094835028e-01
7.587764953954759806e-01,3.658423184934956329e-01,4.830825993101074411e-01,4.420530276660982749e-01,7.967548687624558257e-01,5.544796584016243868e-01,5.167601786660201979e-01,7.661995714697196203e-01,5.838577240794396994e-01,3.469667308968792940e-01,9.389245739558051973e-01,4.601890844088387666e-01,4.237870766719198934e-01,6.124713516363775589e-01,7.097064694667953866e-01,4.837706135850544098e-01,6.158290287747180125e-01,4.135223250042616705e-01,6.072074262510597231e-01,3.183636118073454035e-01,8.038317600497482118e-01,5.913150547836815152e-01,6.353549060960903549e-01,9.025810353895332705e-01,9.796789178614949689e-01,8.527946162762611859e-01,9.838724487444603373e-01,6.306421284455943077e-01,3.058205756237876716e-01,7.434625939702196318e-01
3.102180802853620745e-01,1.047753526290809145e-01,1.686346995364736423e-01,3.531853340635208172e-01,6.210995031550532453e-01,8.540121081716701978e-02,1.304860921332237633e-01,1.465255740308005483e-01,3.392464102266644632e-01,8.243747422743863407e-02,7.496657879368920918e-01,3.456628833433479375e-01,3.165953772647033815e-01,9.212701294235089988e-02,3.098630385969188827e-01,2.416055724428335383e-01,1.147981986293837436e-01,2.655994641794735545e-01,3.361880200519597461e-01,8.625214888257518031e-02,5.388934024474011375e-01,4.596119057789440077e-01,3.215679580786761638e-01,6.063651664672993213e-01,8.668772775566629951e-01,2.770262909165782106e-01,7.729399617984157311e-01,3.568716632050634718e-01,1.070793878625949797e-01,6.203152845972043083e-01
8.641760288874209550e-01,5.069020459717399341e-01,6.190589603066308788e-01,4.755131385855372317e-01,8.431570829956006596e-01,7.607421485429513019e-01,6.853036108468121279e-01,9.050827113081667541e-01,6.687872256237216151e-01,5.028157037246090422e-01,9.652781381177333309e-01,5.034350898972325128e-01,4.650945457546095674e-01,8.103182497313631272e-01,8.187230548742649994e-01,5.807409348121745918e-01,7.993991780482468945e-01,4.731186581269569702e-01,6.984084557631136114e-01,4.545719162211365183e-01,8.658506618483270412e-01,6.368744799876775442e-01,7.362820322209009394e-01,9.466481724503730266e-01,9.900540165515971935e-01,9.393632674488624490e-01,9.942692227478299172e-01,7.195075165453167498e-01,4.137487285041550056e-01,7.810198057122158533e-01
1.266901991907093961e-01,4.422832534123457421e-02,7.699069259841181956e-02,3.054256386571301829e-01,4.967570316668752373e-01,2.027933900429940497e-02,4.569641042192539721e-02,2.995670870268396860e-02,2.224538386465865492e-01,3.096279347472712801e-02,5.362603580530954650e-01,2.856624348071500896e-01,2.614720283478623730e-01,2.013279421080655524e-02,1.434938423946728048e-01,1.453532741536243678e-01,2.916109676819614652e-02,1.969559650258155270e-01,2.092500189615466022e-01,3.590209273601251833e-02,3.603455026453441512e-01,3.843877850741179714e-01,1.818525463625100536e-01,3.516928103628568780e-01,6.702038174038138507e-01,7.316110492360862472e-02,3.884638267665900258e-01,2.239561159048849559e-01,5.326063836465658868e-02,5.392897783814267765e-01
1.447342058568873158e-01,4.988646085409953468e-02,8.603955903564561303e-02,3.117146012229791152e-01,5.140152162574805894e-01,2.478140299457516973e-02,5.297763630648517214e-02,3.754138547601754833e-02,2.365271950660134403e-01,3.547619073424849306e-02,5.682797756812862922e-01,2.934584416703909793e-01,2.686017209668868366e-01,2.490084512776764153e-02,1.607897605260218410e-01,1.562923440474114911e-01,3.535915441457052055e-02,2.054524210596027634e-01,2.242477257079725506e-01,4.055199062872653915e-02,3.835474578357510600e-01,3.943912731395365912e-01,1.976965972139152206e-01,3.847288123693859974e-01,7.042547880206080357e-01,8.915161014824135588e-02,4.439289600189078588e-01,2.398041763957626804e-01,5.870211957028068778e-02,5.505448785098674414e-01
7.217582979469153726e-01,3.299974627756527834e-01,4.454419742087167844e-01,4.329740638879056025e-01,7.824014170756157238e-01,4.905243866095088667e-01,4.681517161788687487e-01,7.098552928378782934e-01,5.594655447462283382e-01,3.081993503014729407e-01,9.289385025647519667e-01,4.484303543791806623e-01,4.126411099148496464e-01,5.462629686376339055e-01,6.739247100370504562e-01,4.571357028461688343e-01,5.554360827035946802e-01,3.975712677384128924e-01,5.805390895158307751e-01,2.850023585795031233e-01,7.834824604410578486e-01,5.785307021158168084e-01,6.049731572301773053e-01,8.857869582985445911e-01,9.753290282206213968e-01,8.157033019716212197e-01,9.786459557233347928e-01,6.043384744840764045e-01,2.791468677176145441e-01,7.324789952024157724e-01
5.697851656912259477e-01,2.210620473302228051e-01,3.214622131802694072e-01,4.017036050268623648e-01,7.267865470316576815e-01,2.823191220271188406e-01,3.086929766715971746e-01,4.689073298476290064e-01,4.729176779625644533e-01,1.942255505757292666e-01,8.813380133451900189e-01,4.079582834656290125e-01,3.745371554596286789e-01,3.179258734240195117e-01,5.350154116883499844e-01,3.670788634842773734e-01,3.438091482743754757e-01,3.438161673357337800e-01,4.848354404662748030e-01,1.865792765923078578e-01,7.010931876283427178e-01,5.332316459645980444e-01,4.940785762193389830e-01,8.066422968364354018e-01,9.519043254337090643e-01,6.338721672285069220e-01,9.441453357705865690e-01,5.087837832445413211e-01,1.980711498849102858e-01,6.919287793771961015e-01
9.322273980314756958e-01,6.592397030628180943e-01,7.485867719897753014e-01,5.123778836754331323e-01,8.836566891837698279e-01,8.987448175511987269e-01,8.258718794112694939e-01,9.684461076278353397e-01,7.504820164168372054e-01,6.716706218859591626e-01,9.815388210329961671e-01,5.506856675313477334e-01,5.108399023873794187e-01,9.269268434403034052e-01,8.983917123564567619e-01,6.799404346411002109e-01,9.152322158021869436e-01,5.391731053223891568e-01,7.828008105260605420e-01,6.110186267011686878e-01,9.138861149588231036e-01,6.840457112097197978e-01,8.238657105242499501e-01,9.730697347035210942e-01,9.954773751533557702e-01,9.784767571653245621e-01,9.981672739435668573e-01,8.001981606351755705e-01,5.417239337729876647e-01,8.173969580934682400e-01
3.763137126085245865e-01,1.296283219505403039e-01,2.035052057244790547e-01,3.661364680597297694e-01,6.515711139278878017e-01,1.213375243590836677e-01,1.679852077299009150e-01,2.113931548509028480e-01,3.740761128336134167e-01,1.051604084242210302e-01,7.931431891119232747e-01,3.621944557321972735e-01,3.318947220120825325e-01,1.331827218842314697e-01,3.670924139191197311e-01,2.727169278063090174e-01,1.593958811273464005e-01,2.857341200402677694e-01,3.747884173215351722e-01,1.072929080920457107e-01,5.855091107138324924e-01,4.796034525017718320e-01,3.658908734388585660e-01,6.688824119207881225e-01,8.980819130052040133e-01,3.661156331583835244e-01,8.403747739211105960e-01,3.967187418451779690e-01,1.273790157898258002e-01,6.404880214515870085e-01
9.417551060515876316e-01,6.883664584399578068e-01,7.717223960400052540e-01,5.201043142371125638e-01,8.909026525225127724e-01,9.167221473401745424e-01,8.481119013451493549e-01,9.751350384887241818e-01,7.657992171778583712e-01,7.033858786728431900e-01,9.838477902550842868e-01,5.605068923330808195e-01,5.204347584205649691e-01,9.409566121757990675e-01,9.105477606448022510e-01,6.991341272829079134e-01,9.301023430664028258e-01,5.529276724981666558e-01,7.981570457446346412e-01,6.421018942076186509e-01,9.217458986890035844e-01,6.935116326322483538e-01,8.390215400805942636e-01,9.767137894090661687e-01,9.961679871986462986e-01,9.827510758946756964e-01,9.985575824474161033e-01,8.147163671494007664e-01,5.684270919413582090e-01,8.244003392828278542e-01
7.685930029068774871e-01,3.762533186293920417e-01,4.937577311036829286e-01,4.446222524347709926e-01,8.006752562984021937e-01,5.722952703754733417e-01,5.304591425563408569e-01,7.806494508137060695e-01,5.906724526897199068e-01,3.583133775642313168e-01,9.414960311265518911e-01,4.635158106370571018e-01,4.269468809853644853e-01,6.305327060719511101e-01,7.193736499960701192e-01,4.913098618847793198e-01,6.323258874742566649e-01,4.180580362243784820e-01,6.146257964742094515e-01,3.281461088499806888e-01,8.093055380700880930e-01,5.949011378651783977e-01,6.437479952572863207e-01,9.069050013824780931e-01,9.807641511267551904e-01,8.620770875917629361e-01,9.851044095670923317e-01,6.379336855476579471e-01,3.136004853224344524e-01,7.465079971825184790e-01
5.639310027179783580e-01,2.177133729867745671e-01,3.173913176339919762e-01,4.006074582932345196e-01,7.246590880193853890e-01,2.759312389677942012e-01,3.035797920537736116e-01,4.599157137703370202e-01,4.698470302669458531e-01,1.908386463779382924e-01,8.792248678483877145e-01,4.065421248693212863e-01,3.732108012630985239e-01,3.106725693089530393e-01,5.298437477128672413e-01,3.640114571335867355e-01,3.368890801162503501e-01,3.419721466591890691e-01,4.814195581495110399e-01,1.836227974549916320e-01,6.978605561468547158e-01,5.316102657733400294e-01,4.900900530000539268e-01,8.031888172297579898e-01,9.507682714619829500e-01,6.261117798975668336e-01,9.422501527899546092e-01,5.053401057685744657e-01,1.955498102093500834e-01,6.904291012387920867e-01
4.610508495174774901e-01,1.654887419571738627e-01,2.515538572855586241e-01,3.817757881865772585e-01,6.862073738587947114e-01,1.802024190400538517e-01,2.231305306743079919e-01,3.127630086602405934e-01,4.171857509593011604e-01,1.391744268110894633e-01,8.372048457023746337e-01,3.822627004954958219e-01,3.505397658329887922e-01,2.009598653793829293e-01,4.401543145803547552e-01,3.127646403466949332e-01,2.294510738741523392e-01,3.108041680031310983e-01,4.227635038137136925e-01,1.380352871314085572e-01,6.389013076667172664e-01,5.034324731541899300e-01,4.215954448859614567e-01,7.359767266346076697e-01,9.265870880922369990e-01,4.846429590918283070e-01,8.983484027615418199e-01,4.458565036562420203e-01,1.556719151341161844e-01,6.638180434756070225e-01
7.027744533401907301e-01,3.134190239286496760e-01,4.275449926903456266e-01,4.286261114709014053e-01,7.752473312426344521e-01,4.597673477420878840e-01,4.449466940580319441e-01,6.800930286512063550e-01,5.476315874347291723e-01,2.904472080060447325e-01,9.236196321614411620e-01,4.427985065320115265e-01,4.073151002002680654e-01,5.136945193458769543e-01,6.559417431980028024e-01,4.444117545236709321e-01,5.256970143685032459e-01,3.899794112935399681e-01,5.675419401054883073e-01,2.697384044039607964e-01,7.731732705122494886e-01,5.723475013300497460e-01,5.900607605553070956e-01,8.768512086172908226e-01,9.729273057417806569e-01,7.954552047170483364e-01,9.755757922690097006e-01,5.914675848362628274e-01,2.668466545714444638e-01,7.270950862605564113e-01
3.903825347776518351e-01,1.352358061046684268e-01,2.111873743586032970e-01,3.687839608309960715e-01,6.576035943685059060e-01,1.300436320287948755e-01,1.765521715500948385e-01,2.268286811445079654e-01,3.813062253086495490e-01,1.103891244700641455e-01,8.012352297383333877e-01,3.655842638387103438e-01,3.350384188036391597e-01,1.431844592254891690e-01,3.792219006366120415e-01,2.793143536566536911e-01,1.699777185793424072e-01,2.899218553284456656e-01,3.828234385781957849e-01,1.120702190772090018e-01,5.947939901910633820e-01,4.836624819890154581e-01,3.751818953731664852e-01,6.809273586592643479e-01,9.035539037393383044e-01,3.856087072508197489e-01,8.518683540987362912e-01,4.049785847408164940e-01,1.318708417482679363e-01,6.445165064436416680e-01
8.258885271362156333e-01,4.468974308602180479e-01,5.633884648677662810e-01,4.615206096872569441e-01,8.249532585696589537e-01,6.826005823962939534e-01,6.181693539223336309e-01,8.593366155403528994e-01,6.343525813262362867e-01,4.360874429683442854e-01,9.559797883981187017e-01,4.853764002145173895e-01,4.477833460465224791e-01,7.383796888054013907e-01,7.776225766153004315e-01,5.406410704360780084e-01,7.316326195189716275e-01,4.480817457155532035e-01,6.617849028149896951e-01,3.956519611110246859e-01,8.422891871886269977e-01,6.181282824879844595e-01,6.963956765438374941e-01,9.311922190741266370e-01,9.865913281362357345e-01,9.113531140991032453e-01,9.911675858830233388e-01,6.840261574618274887e-01,3.670406930922189281e-01,7.658615205189652775e-01
8.933851407699094915e-01,5.630248062434108913e-01,6.685942046022868013e-01,4.886703281680627176e-01,8.587991117194696544e-01,8.210420397108189050e-01,7.419775106051618163e-01,9.353868600735810723e-01,6.995234553728341131e-01,5.653451700905428590e-01,9.722570081042504198e-01,5.203626998205430620e-01,4.814060020761082859e-01,8.630431492653611869e-01,8.516564407352384958e-01,6.174103024719445054e-01,8.505016045575637396e-01,4.967233697281914773e-01,7.306097075301498656e-01,5.110389136131606724e-01,8.851744393150277057e-01,6.540851690403755025e-01,7.704833062594629300e-01,9.581147116649300077e-01,9.924902752227047209e-01,9.579048614827343489e-01,9.961840557025605225e-01,7.504743275437608663e-01,4.590243668043387792e-01,7.945812771171031352e-01
4.078026978926617696e-01,1.423559896579837669e-01,2.208488924321766189e-01,3.720261399779957179e-01,6.648980551024059604e-01,1.413841757379673270e-01,1.874692326052792846e-01,2.467245969958287433e-01,3.902026088013524352e-01,1.170784925439106589e-01,8.107865144440827843e-01,3.697398564738696991e-01,3.388954280225146554e-01,1.562314114757905048e-01,3.942325872041138601e-01,2.874980558227244742e-01,1.836414079818846079e-01,2.950821628907763228e-01,3.927178347002848735e-01,1.181522048940138320e-01,6.060350076400455865e-01,4.886196840241704420e-01,3.866474578491099212e-01,6.953070003614715278e-01,9.098761153783845312e-01,4.099023405171144385e-01,8.649610163095132753e-01,4.151332629056131429e-01,1.375347361484291209e-01,6.494059072914154518e-01
2.563799833797335559e-01,8.602120853202724349e-02,1.413568516572900891e-01,3.416550396834072689e-01,5.926863841824321355e-01,6.151406445374019150e-02,1.029391602410763829e-01,1.029314289668481763e-01,3.091677740263907292e-01,6.583371922614970895e-02,7.054362925927272210e-01,3.310256441475330491e-01,3.030917414238344931e-01,6.518663840811592114e-02,2.626345202938864531e-01,2.156291246429443975e-01,8.422988974811614071e-02,2.481899143379499018e-01,3.030526151729074913e-01,7.051805975611466493e-02,4.961185748685652541e-01,4.416418233028428508e-01,2.840512980381791341e-01,5.465914993057122695e-01,8.320306445055531963e-01,2.091000438010777451e-01,6.964937001484755585e-01,3.224490781988313404e-01,9.122918540804046683e-02,6.017045304160251185e-01
4.702113922866674733e-01,1.697007854301854635e-01,2.570369464093475442e-01,3.834401256805419211e-01,6.897501434470681980e-01,1.875583692414082293e-01,2.296399759141922736e-01,3.248849279754552621e-01,4.218195013098773871e-01,1.432539140345933659e-01,8.413809287481662791e-01,3.844040647420041701e-01,3.525341693717515823e-01,2.094348395553466691e-01,4.480734977776281713e-01,3.171710834639751564e-01,2.379742923965216805e-01,3.135176020595932811e-01,4.279263409612276692e-01,1.416759860623894585e-01,6.443614273718794028e-01,5.059464471376045047e-01,4.276156816494774970e-01,7.425227319402885051e-01,9.291234238364454168e-01,4.974902492445361646e-01,9.032294146217656472e-01,4.511185797807237274e-01,1.589366875699569359e-01,6.662348069718398991e-01
6.587273738449868077e-01,2.787652032036942451e-01,3.890654459371210572e-01,4.191433108559349807e-01,7.590029082196368959e-01,3.937762387856900692e-01,3.950886022905052419e-01,6.098167118599764347e-01,5.215445819845534459e-01,2.537664747985900471e-01,9.106765590794899667e-01,4.305178538684238387e-01,3.957284254290311942e-01,4.423470365329489340e-01,6.150199316435281949e-01,4.168213676544660906e-01,4.602233934396625092e-01,3.735425145458726726e-01,5.387753954754415098e-01,2.381661237025566036e-01,7.494048626216325282e-01,5.587295653106939541e-01,5.568544105741731753e-01,8.551737797419832754e-01,9.668479167239222294e-01,7.455071243410806847e-01,9.672761355624320823e-01,5.628613559520595500e-01,2.411426555357054358e-01,7.150707172898966846e-01
3.558722753476866174e-01,1.216923906093824864e-01,1.925194105787717547e-01,3.622325057332755893e-01,6.425524293132864884e-01,1.093758438703571201e-01,1.559179463880882854e-01,1.899823925438689221e-01,3.634773688413530657e-01,9.782238783758752387e-02,7.807230785945573626e-01,3.572020325907921401e-01,3.272688814556661829e-01,1.194690390679415820e-01,3.494468476939073254e-01,2.631322302346336128e-01,1.447206420142561900e-01,2.796025810804021461e-01,3.630217096315629388e-01,1.005507363686764383e-01,5.716553148923784189e-01,4.736004042943033898e-01,3.523212637409094961e-01,6.506435058031339036e-01,8.894775695179409913e-01,3.380639559434938102e-01,8.220504020235325227e-01,3.846011382372450105e-01,1.209706054100914419e-01,6.344886997441738785e-01
6.387684339758240570e-01,2.645524085162034300e-01,3.728414405002884457e-01,4.150672570195141908e-01,7.517467631420403640e-01,3.663020068771578042e-01,3.741585900682426469e-01,5.777922024076709295e-01,5.102371576566750999e-01,2.389087174490802379e-01,9.044993629842940086e-01,4.252413187248494375e-01,3.907612477122960337e-01,4.120967157859576901e-01,5.967963273298487747e-01,4.050585652414411819e-01,4.322453998153290566e-01,3.665330206525880818e-01,5.262641648405063100e-01,2.253464291682343579e-01,7.386449552590895751e-01,5.528216214273976581e-01,5.423412660312717515e-01,8.448755295188329351e-01,9.638329513936184645e-01,7.216110754743273459e-01,9.629022895963149642e-01,5.503689122824363400e-01,2.305815941856748930e-01,7.097820553015002920e-01
7.425257173768806673e-01,3.494819160447881212e-01,4.660765132442337144e-01,4.379579332034038708e-01,7.903778034410053888e-01,5.257648249508735105e-01,4.948470430195605063e-01,7.417916064397334086e-01,5.729128083454547715e-01,3.292116714166859470e-01,9.345995635738317819e-01,4.548856856488357470e-01,4.187556837296513290e-01,5.830052106834285874e-01,6.938735908859591239e-01,4.717514857151589580e-01,5.889463243992312247e-01,4.063120137188878100e-01,5.952626489639647467e-01,3.030755986143365832e-01,7.948487113355051648e-01,5.855700999084690883e-01,6.217855335260707994e-01,8.953065478673839506e-01,9.778210217257167214e-01,8.369115857909326106e-01,9.816950923275176155e-01,6.188783017216747950e-01,2.936279210926479588e-01,7.385514331516223052e-01
6.912444033676011790e-01,3.038646762928821632e-01,4.170834667824119824e-01,4.260689941289564353e-01,7.709539572135007957e-01,4.417699529676448744e-01,4.313771780591699190e-01,6.618197344775090807e-01,5.406317211350210039e-01,2.802737907134160156e-01,9.203165304469463903e-01,4.394864702798649825e-01,4.041865978953597671e-01,4.944295950044644838e-01,6.451271305024789404e-01,4.369465169586763675e-01,5.080724111555909861e-01,3.855301557202590601e-01,5.598378222809693439e-01,2.609887559506244847e-01,7.669377982019797146e-01,5.686930348841792160e-01,5.811928761610848371e-01,8.713085874470336556e-01,9.714070774846194078e-01,7.827707950773089562e-01,9.735692141335934302e-01,5.838224600500449002e-01,2.597617657700472260e-01,7.238908724734598454e-01
5.475946132270603783e-01,2.086120962041433657e-01,3.062395674223168940e-01,3.975704396874887858e-01,7.187010139126843722e-01,2.586786597722778858e-01,2.896430937402903472e-01,4.351142868998266744e-01,4.613373887672879703e-01,1.816756241555637919e-01,8.731894101238475425e-01,4.026199031507734505e-01,3.695396547195676784e-01,2.910297261691714987e-01,5.154600804125931690e-01,3.555564907667194130e-01,3.180524259194825731e-01,3.368793237595144041e-01,4.719491648281690654e-01,1.756078968551403607e-01,6.887859465134616999e-01,5.271068784705211785e-01,4.790284457536041485e-01,7.933608631973352310e-01,9.474805525212143253e-01,6.042418159680200684e-01,9.366695597277603369e-01,4.957808481022608627e-01,1.886796087003476952e-01,6.862458929854162726e-01
9.177617956022792178e-01,6.197352173509571571e-01,7.164387408036888560e-01,5.023764289320808984e-01,8.736683471679123070e-01,8.704489172357073867e-01,7.933999265914685184e-01,9.571790088710467881e-01,7.297026261851029538e-01,6.282435548677851589e-01,9.780673002030989549e-01,5.379253451537658881e-01,4.984192777835711463e-01,9.042400318634687961e-01,8.805127773922502010e-01,6.541898763050422172e-01,8.917695987217277853e-01,5.212973994455902815e-01,7.617140496347927225e-01,5.694732345720954214e-01,9.026630453055906056e-01,6.715734609690464652e-01,8.026295197860899844e-01,9.675267596748480248e-01,9.943974591849058520e-01,9.713878066338340611e-01,9.975022571734819543e-01,7.801785485099264061e-01,5.068504015920055616e-01,8.080198301858126930e-01
3.345537613449410808e-01,1.136624722069414922e-01,1.812633689908014489e-01,3.580723553773348389e-01,6.327824901024859949e-01,9.772681892440514273e-02,1.437902841714921720e-01,1.689407104625272049e-01,3.522739981837138545e-01,9.047451642971576780e-02,7.668394607234401139e-01,3.518905085305601421e-01,3.223526729221071752e-01,1.061552184589554804e-01,3.310003411188867650e-01,2.531125246240157889e-01,1.302698043942820683e-01,2.731271872369098741e-01,3.506020007709905739e-01,9.375119770239162542e-02,5.566961801322765080e-01,4.671810543725241072e-01,3.380515281855140941e-01,6.306142021272757026e-01,8.795656245026102216e-01,3.092441261666024066e-01,8.006454674772605085e-01,3.717832758159998474e-01,1.144188993683805666e-01,6.280182824979981815e-01
5.687553979223197720e-01,2.204695559969415686e-01,3.207431839440357257e-01,4.015104614346635126e-01,7.264125680939936824e-01,2.811874900843993053e-01,3.077888997117735337e-01,4.673219407058141761e-01,4.723766681461037398e-01,1.936256985335488012e-01,8.809681462016147879e-01,4.077087339795353316e-01,3.743033980825542506e-01,3.166417388511984510e-01,5.341050048587120402e-01,3.665377900013456203e-01,3.425853448033341908e-01,3.434910234586535660e-01,4.842336655011378888e-01,1.860558825327139898e-01,7.005252423914229976e-01,5.329461109685833531e-01,4.933759808125519619e-01,8.060373715133345440e-01,9.517060464150920440e-01,6.325101769889649450e-01,9.438158233752224069e-01,5.081772756162026283e-01,1.976252791901157713e-01,6.916649231349317750e-01
9.834219950205044247e-01,8.651240791137215780e-01,9.036942257882053520e-01,5.815692696441973064e-01,9.359971349878388747e-01,9.841627257679280705e-01,9.540080128805732418e-01,9.964595448080226792e-01,8.648953764962787893e-01,8.860694786886995633e-01,9.945278352556637946e-01,6.371570691666280650e-01,5.964457949628184652e-01,9.900826636434575390e-01,9.693174723981230478e-01,8.269595095829893605e-01,9.861930899685554808e-01,6.589644605894147134e-01,8.928862326695737872e-01,8.393060166090409169e-01,9.645894526075881048e-01,7.634440583984237749e-01,9.255984795937478582e-01,9.928634067341647329e-01,9.989916135822439758e-01,9.971501606084517411e-01,9.997900964633448240e-01,9.030923559031134307e-01,7.585978676963908152e-01,8.731921547863420452e-01
8.193159333930543076e-01,4.377853099458310360e-01,5.546676848670791804e-01,4.593790513637489026e-01,8.220182844854492243e-01,6.694661694862049650e-01,6.073792025003831307e-01,8.508769684547710099e-01,6.289360055770727431e-01,4.259939540902932809e-01,9.543578067311961899e-01,4.826085192739564267e-01,4.451380282477204742e-01,7.259120991735763528e-01,7.707620016538995200e-01,5.344297251756517930e-01,7.200460904562202558e-01,4.442612439116209178e-01,6.559767383015400188e-01,3.868329408243565970e-01,8.383914307969679847e-01,6.152197645440645735e-01,6.899840584623019302e-01,9.284818267780066137e-01,9.859639841195499965e-01,9.061386331142619044e-01,9.905628716025598468e-01,6.783738001247981986e-01,3.600685696128991808e-01,7.634730077420770478e-01
7.149473915682164060e-01,3.239221292339251601e-01,4.389204782725748544e-01,4.313930704634831304e-01,7.798212562234677625e-01,4.793286772516399119e-01,4.596992202850559983e-01,6.992311496122374237e-01,5.551729448302131775e-01,3.016797688892765006e-01,9.270467391002702451e-01,4.463824998860349558e-01,4.107035490069120276e-01,5.344607264364519272e-01,6.674464790835388239e-01,4.525052872038178853e-01,5.446653898078438472e-01,3.948069659932872399e-01,5.758286968132673156e-01,2.793966423063222182e-01,7.797764475423000219e-01,5.762868704164542111e-01,5.995759613515906361e-01,8.826075284439794943e-01,9.744814180130417780e-01,8.085315804738650858e-01,9.775767639742884985e-01,5.996777254724772188e-01,2.746377800484721687e-01,7.305306509583197050e-01
6.685679546877572044e-01,2.860923290098482674e-01,3.973265802936410962e-01,4.211987929024261224e-01,7.625993459911420969e-01,4.078734235720236634e-01,4.057743094669198913e-01,6.255998370342881199e-01,5.272273989978024655e-01,2.614703458558456095e-01,9.136469952535966055e-01,4.331793158364354301e-01,3.982363777353784551e-01,4.577486499160245415e-01,6.240737345698613714e-01,4.227778792274198283e-01,4.744100391891128421e-01,3.770904250863160168e-01,5.450542013917282214e-01,2.448043075886144060e-01,7.547069318429995288e-01,5.616965516223335619e-01,5.641231354928368802e-01,8.601380347180213048e-01,9.682719396908634479e-01,7.570091254842069572e-01,9.692845626129851233e-01,5.691191226160774441e-01,2.465807531682312481e-01,7.177101818391902199e-01
8.004527770989896540e-01,4.132142211757169337e-01,5.307774407195974264e-01,4.535583812740605070e-01,8.138354700538863451e-01,6.324023286216786666e-01,5.775052383102241560e-01,8.257243851060482864e-01,6.140325093138203627e-01,3.988565368291702717e-01,9.496505573607880724e-01,4.750813179378182149e-01,4.379546498808488120e-01,6.901732896638259618e-01,7.513463082123348347e-01,5.174762754014718968e-01,6.870163274931680997e-01,4.338979133578559910e-01,6.399352072543968983e-01,3.632181414368843564e-01,8.273895787404003110e-01,6.072626298551906388e-01,6.721650859504625375e-01,9.205992629820805018e-01,9.841063857364371614e-01,8.905327765193841172e-01,9.887015435501230742e-01,6.627268217862886113e-01,3.413964787863395522e-01,7.568876133698305697e-01
8.952943525083117970e-01,5.670970885908140913e-01,6.721008054087489469e-01,4.896365177660795820e-01,8.598938347981156527e-01,8.249608384280054940e-01,7.458633942192198774e-01,9.372138024298173331e-01,7.017137686589612899e-01,5.698761357284209961e-01,9.727116757660860813e-01,5.216033193038432936e-01,4.826047686541014015e-01,8.663794927446387684e-01,8.538667428281869753e-01,6.200542194151017483e-01,8.537923704448855400e-01,4.984571157406205155e-01,7.328850532538877527e-01,5.151883901299602053e-01,8.864923313007372352e-01,6.553328200469857867e-01,7.728659187323703161e-01,9.588562819988803998e-01,9.926436920389642982e-01,9.590278764511792620e-01,9.962963358029139904e-01,7.526542129602084019e-01,4.623825331068499023e-01,7.955513451247177015e-01
5.703676081640359774e-01,2.213978221363954169e-01,3.218694620232128156e-01,4.018129116982253612e-01,7.269980271226318402e-01,2.829606951560884598e-01,3.092052125320620681e-01,4.698047258551654171e-01,4.732238445981248320e-01,1.945656100450946779e-01,8.815468672036654851e-01,4.080995157579375698e-01,3.746694564581698472e-01,3.186537502267303701e-01,5.355304758455329273e-01,3.673851864614604001e-01,3.445025766264734335e-01,3.440002196814854751e-01,4.851759832894311786e-01,1.868759491531369887e-01,7.014142939120588949e-01,5.333932105153805781e-01,4.944761607195941044e-01,8.069839667462087585e-01,9.520161818571031276e-01,6.346419239959433245e-01,9.443309888431926646e-01,5.091269731795240450e-01,1.983237877795223647e-01,6.920780308092269184e-01
4.740226214027945528e-01,1.714752269832511555e-01,2.593372709946498156e-01,3.841322386082636209e-01,6.912151978757652415e-01,1.906809385477543917e-01,2.323826448739576278e-01,3.299909716270529869e-01,4.237482999016109475e-01,1.449774475382787087e-01,8.430898028178680503e-01,3.852948353088218036e-01,3.533640917352964261e-01,2.130314126518600693e-01,4.513708391735344883e-01,3.190111039376580249e-01,2.415779044380004792e-01,3.146484417069438932e-01,4.300754898999491482e-01,1.432116159009567957e-01,6.466184672948258605e-01,5.069905816174361535e-01,4.301226965900674104e-01,7.452103383225743283e-01,9.301529479143942902e-01,5.028285046078571074e-01,9.051945957782953078e-01,4.533075461031529363e-01,1.603089942111162736e-01,6.672360924695313056e-01
7.219002425196325845e-01,3.301256571641056348e-01,4.455791276446889326e-01,4.330072776469524598e-01,7.824553627272949896e-01,4.907596246745321578e-01,4.683294219216760923e-01,7.100759964898816223e-01,5.595555913625113176e-01,3.083370894376408766e-01,9.289777376051617797e-01,4.484733759216644189e-01,4.126818256697230014e-01,5.465102922268983976e-01,6.740600465535108166e-01,4.572330184343050274e-01,5.556617332039841539e-01,3.976293856269850768e-01,5.806378482227904092e-01,2.851207947455939307e-01,7.835597964104287216e-01,5.785777855411293746e-01,6.050862231262983393e-01,8.858529115378777075e-01,9.753465296270240614e-01,8.158516462946366898e-01,9.786678643804411770e-01,6.044361450227392352e-01,2.792420381533238793e-01,7.325198121512078719e-01
1.607226060243026333e-01,5.491828679284557757e-02,9.398967753321768592e-02,3.168140360246978759e-01,5.278473132846904781e-01,2.908762435127448115e-02,5.960193243853183914e-02,4.493472123027825865e-02,2.482613257638595916e-01,3.955182444009010256e-02,5.935899470347810736e-01,2.998059467906964981e-01,2.744134111314385227e-01,2.950941636147819472e-02,1.758635495596889420e-01,1.655517552169485374e-01,4.123547761767210051e-02,2.124675422371715694e-01,2.368294449325910600e-01,4.469693143980427857e-02,4.025705975645642587e-01,4.024867100245123064e-01,2.111522854902174173e-01,4.120576333625970977e-01,7.300563153308632369e-01,1.042022545478668571e-01,4.895601979224294409e-01,2.530704875856285008e-01,6.344322005918816287e-02,5.595433472915222195e-01
2.096395633622840371e-01,7.055022148083486822e-02,1.181551820982223028e-01,3.304588012243774298e-01,5.640297420903772618e-01,4.418556236702093909e-02,8.093356402462352495e-02,7.158082066437941593e-02,2.809928419609028505e-01,5.254399594603163803e-02,6.576385799118303899e-01,3.168967244141893125e-01,2.900929248287636431e-01,4.594606882386347013e-02,2.208367630415276062e-01,1.920439326136801350e-01,6.150175765513830189e-02,2.317779767567461069e-01,2.722478158669033310e-01,5.763147580322586228e-02,4.539663437433731907e-01,4.240594234654596617e-01,2.497468588925287336e-01,4.862591632197710845e-01,7.908724912117296446e-01,1.549210569491763501e-01,6.086349233928660674e-01,2.902715550175526404e-01,7.769098924598812073e-02,5.830486713414416711e-01
4.937215486177721768e-01,1.808629374853562011e-01,2.714143682904150978e-01,3.877099710628782447e-01,6.987114699126897310e-01,2.074194812065932036e-01,2.468912682532066194e-01,3.569520864897934853e-01,4.337338962869778936e-01,1.541433004800525364e-01,8.516680097298815477e-01,3.899020597091698570e-01,3.576592907399369081e-01,2.322960385824967000e-01,4.684420939055263244e-01,3.285920030808140435e-01,2.607517551675269107e-01,3.205167664156697294e-01,4.412022607725634704e-01,1.513544973247251124e-01,6.581563122020591683e-01,5.123756773408166820e-01,4.431096267106022779e-01,7.587787856592212998e-01,9.352472741833482983e-01,5.303294043148445436e-01,9.147741293210518432e-01,4.646263965524939921e-01,1.675407918543121155e-01,6.723772150365591171e-01
4.390186427072199638e-01,1.556497814006393976e-01,2.386187302178711112e-01,3.777625314972422599e-01,6.775503839252461358e-01,1.633479667382774503e-01,2.079376242654206730e-01,2.845051398773129625e-01,4.060419649418863242e-01,1.297110562927756283e-01,8.267404920461182138e-01,3.771033603820386215e-01,3.457384493996126240e-01,1.815348159248796334e-01,4.211367440301141407e-01,3.022485436462487574e-01,2.097370202355107460e-01,3.042961593052883051e-01,4.103500813162804794e-01,1.295554057341135601e-01,6.255504138292892202e-01,4.973526023036575205e-01,4.071362678808845281e-01,7.197124525134540596e-01,9.201048718120721226e-01,4.536917085990933574e-01,8.856345969692794862e-01,4.331837932064238061e-01,1.480029975780396967e-01,6.579383434832556388e-01
6.672451449980112415e-01,2.850944420337560015e-01,3.962055318565257389e-01,4.209205810457279928e-01,7.621150157374354528e-01,4.059570121939226062e-01,4.043233526919938758e-01,6.234795490039097832e-01,5.264590493564377249e-01,2.604194372420178261e-01,9.132504713701921073e-01,4.328190638611988383e-01,3.978968047426348909e-01,4.556598384199031515e-01,6.228539058787984084e-01,4.219707715201057585e-01,4.724880451112562496e-01,3.766097093065552404e-01,5.442056436331123015e-01,2.438990741153506947e-01,7.539941559681384575e-01,5.612954527991951270e-01,5.631414153018878821e-01,8.594749374321093427e-01,9.680828254504018071e-01,7.554740686837744246e-01,9.690200238787813891e-01,5.682738625238851204e-01,2.458403257273769904e-01,7.173540032481920958e-01
8.168226110788067151e-01,4.344066873020867581e-01,5.514153613314169977e-01,4.585829443583188114e-01,8.209169202164482426e-01,6.645115979952777030e-01,6.033386145486878682e-01,8.476252445862252349e-01,6.269130967625722306e-01,4.222552109937106057e-01,9.537401629007264958e-01,4.815793560427896192e-01,4.441549697760475146e-01,7.211819525491937055e-01,7.681727977451831002e-01,5.321167795458212613e-01,7.156596780079215181e-01,4.428419833426950891e-01,6.538045067969902036e-01,3.835714877476807949e-01,8.369220709657183566e-01,6.141359159126806855e-01,6.875805250063272700e-01,9.274488709701810274e-01,9.857233544327762553e-01,9.041301009130757738e-01,9.903276535923637436e-01,6.762580678682876822e-01,3.574903152383108740e-01,7.625803966467415984e-01
4.664293161079937633e-01,1.679528102014658242e-01,2.547653951764519697e-01,3.827531503967342985e-01,6.882911974039137570e-01,1.844959518620291339e-01,2.269383851095675975e-01,3.198542152317295217e-01,4.199060762941052016e-01,1.415589362943368845e-01,8.396686670915063377e-01,3.835200718179339607e-01,3.517107273770502252e-01,2.059069184039312994e-01,4.448029197161428860e-01,3.153491204405527992e-01,2.344317630231978478e-01,3.123965826961668801e-01,4.257943831685136460e-01,1.401643524304710675e-01,6.421132462011844844e-01,5.049093071297847679e-01,4.251292582990855440e-01,7.398349960449552842e-01,9.280869872236987561e-01,4.921885801702607366e-01,9.012415716505103314e-01,4.489462555744046512e-01,1.575830879462715994e-01,6.652387920762894424e-01
7.381774375935641341e-01,3.452763098393055174e-01,4.616582933544111644e-01,4.368926576794761041e-01,7.886928524535734564e-01,5.182496674649013091e-01,4.891392282132605018e-01,7.351682624348271355e-01,5.700497984736901946e-01,3.246635236603167551e-01,9.334271230846772349e-01,4.535059522727208914e-01,4.174478950038875702e-01,5.752225688986507546e-01,6.896712558369429980e-01,4.686256986227422261e-01,5.818490256003333583e-01,4.044404395046972689e-01,5.921321870346014649e-01,2.991623043332727327e-01,7.924594300070725295e-01,5.840698303309600492e-01,6.182186315802257193e-01,8.933345720723924188e-01,9.773104533383977222e-01,8.325544836175555741e-01,9.810821238893761009e-01,6.157905322424432892e-01,2.904991458116543690e-01,7.372623119088659305e-01
9.194738208499562138e-01,6.241512364626602416e-01,7.200784783967125735e-01,5.034720541832516938e-01,8.747970758998905305e-01,8.738489270154915500e-01,7.971641226932220103e-01,9.585798131103937525e-01,7.320307973123704182e-01,6.331175544200897676e-01,9.784766724296941609e-01,5.393256245427022755e-01,4.997798016903272078e-01,9.070028941018523083e-01,8.825962025026325986e-01,6.570580952905918926e-01,8.945940892345877193e-01,5.232586927363128693e-01,7.640906040589506842e-01,5.740827768264717967e-01,9.039531449843917210e-01,6.729517316739848098e-01,8.050464118199798236e-01,9.681839521898467638e-01,9.945272568705775251e-01,9.722633023018252274e-01,9.975855017613864950e-01,7.824396305483308778e-01,5.106792602090162170e-01,8.090644811836743555e-01
4.271271026909760349e-01,1.505004231583129681e-01,2.317762638783595897e-01,3.755861812641372310e-01,6.727885659890054937e-01,1.547241023570105900e-01,1.999986392500632815e-01,2.697953136761983006e-01,4.000190499962033019e-01,1.247963071045662953e-01,8.208277702990272040e-01,3.743081034235283266e-01,3.431394671967676335e-01,1.715963647798056380e-01,4.108843921805655497e-01,2.966124830609347951e-01,1.995470186733861728e-01,3.007880116050368757e-01,4.036434212101019936e-01,1.251309754780747518e-01,6.182045708136868489e-01,4.940451930453059748e-01,3.993354318742873832e-01,7.106117705674459550e-01,9.163625340285228571e-01,4.369872860896629185e-01,8.781513420672819592e-01,4.263249296915082032e-01,1.439635478094235532e-01,6.547189787843158415e-01
7.544712990989383972e-01,3.614054931355513145e-01,4.784988398599463455e-01,4.409497769490199892e-01,7.950524191332335455e-01,5.467769064945471325e-01,5.108637153433993605e-01,7.597896517770162950e-01,5.809188672531390152e-01,3.421422454425325221e-01,9.377872559291744459e-01,4.587604042987021846e-01,4.224309609288773859e-01,6.046096662914497433e-01,7.054918006404903297e-01,4.805324829808938492e-01,6.086538027017518449e-01,4.115774300983142120e-01,6.040036929055525583e-01,3.142074030631652470e-01,8.014430348507823876e-01,5.897708223555452323e-01,6.317219499740797106e-01,9.006682284603911848e-01,9.791942902448901309e-01,8.486490153533886582e-01,9.833126736551545122e-01,6.274897388528775100e-01,3.025103260410174077e-01,7.421464099640434631e-01
2.641639094317255743e-01,8.866419299536201781e-02,1.452551386769877217e-01,3.433975375226683835e-01,5.970542978326153216e-01,6.469636285606482351e-02,1.067701101196095043e-01,1.087311936464613743e-01,3.136486325356587224e-01,6.814252329305832412e-02,7.124522541801245890e-01,3.332323083794082597e-01,3.051250356300869160e-01,6.875202906415764370e-02,2.695134315640806411e-01,2.194466273852940241e-01,8.835024894454164557e-02,2.507884900511122561e-01,3.079742008388255958e-01,7.272796334326903089e-02,5.026378582051689303e-01,4.443669851679032945e-01,2.895865735361225490e-01,5.558172148892285280e-01,8.377663266077137738e-01,2.185898624131923651e-01,7.090235600420899953e-01,3.275743617452798184e-01,9.349653418279760264e-02,6.045563199097008233e-01
1.359360653305700384e-01,4.712603237365228098e-02,8.163978524729069430e-02,3.087273400553911529e-01,5.058434877604773838e-01,2.253923108479763751e-02,4.940196458546460695e-02,3.374320979988797153e-02,2.297865754270117244e-01,3.326469012568715466e-02,5.531699412601609467e-01,2.897508004412504556e-01,2.652098551546767102e-01,2.251919076175996556e-02,1.523970972775083865e-01,1.510302746256881046e-01,3.227972781835682786e-02,2.013950846805289685e-01,2.170512972678063368e-01,3.828199329414539581e-02,3.724856365217845688e-01,3.896420815604065835e-01,1.900665824544927884e-01,3.689291134528777660e-01,6.883809028335202695e-01,8.121907192151930910e-02,4.173970689485773100e-01,2.322043341385964521e-01,5.606296089747873912e-02,5.452202631779130559e-01
8.532675577974300207e-01,4.884616523855411230e-01,6.022639174544022200e-01,4.712217064457633886e-01,8.377504813134584172e-01,7.382662472386940511e-01,6.653964676690302671e-01,8.927011244024983805e-01,6.584092934913029493e-01,4.822746484621561747e-01,9.626514042680648364e-01,4.979019569919380661e-01,4.597807178998863931e-01,7.900291591186520135e-01,8.067991073638026700e-01,5.685449757382974312e-01,7.801008516596760201e-01,4.654288402522779311e-01,6.874280765726534792e-01,4.363071956358355319e-01,8.589674749276320354e-01,6.311730520138534306e-01,7.244267086104365649e-01,9.422987620212767146e-01,9.890997217526790175e-01,9.318014630027331435e-01,9.934563090251103956e-01,7.088986504423510082e-01,3.992320063544770870e-01,7.764526428486624443e-01
3.571827528134329799e-01,1.221939851576960279e-01,1.932177954370857265e-01,3.624850854473248285e-01,6.431403325035767171e-01,1.101189653113159028e-01,1.566784362784695850e-01,1.913187711231624788e-01,3.641606880236787913e-01,9.828398891397137349e-02,7.815443777385152613e-01,3.575248048861998096e-01,3.275678063571130227e-01,1.203198751625549484e-01,3.505791302757327310e-01,2.637470701209748691e-01,1.456370765357903330e-01,2.799976867667151037e-01,3.637798549823631489e-01,1.009762245991327190e-01,5.725572220265000567e-01,4.739894151381636722e-01,3.531941702740585276e-01,6.518402483987535412e-01,8.900542172721382927e-01,3.398511199950023931e-01,8.232868365147237855e-01,3.853826659103846142e-01,1.213775388430684832e-01,6.348789730210345761e-01
6.905667766434511190e-01,3.033145034717778521e-01,4.164777038077532301e-01,4.259205109304577408e-01,7.707026898344080390e-01,4.407282843627744473e-01,4.305915612552538296e-01,6.607421382950763311e-01,5.402244131738376254e-01,2.796893079433092066e-01,9.201206170918574401e-01,4.392941585777822011e-01,4.040050259364456053e-01,4.933099970456052974e-01,6.444939430636892341e-01,4.365135285835480272e-01,5.070471405266807619e-01,3.852721727552232411e-01,5.593891836251961847e-01,2.604859656833167225e-01,7.665717886792521307e-01,5.684804264875215063e-01,5.806758559933709041e-01,8.709800371854814482e-01,9.713162280552120054e-01,7.820164657563436483e-01,9.734477965950798506e-01,5.833768940746794085e-01,2.593538126679466038e-01,7.237039501446150824e-01
6.394427982711745617e-01,2.650191933001532218e-01,3.733785373547191533e-01,4.152031081785269029e-01,7.519912760550772068e-01,3.672061474628066646e-01,3.748500504566285030e-01,5.788732361718149644e-01,5.106147678868333539e-01,2.393948239399571742e-01,9.047115482085504867e-01,4.254171516018951937e-01,3.909266650618082317e-01,4.130969706541001707e-01,5.974091637901430829e-01,4.054494660241799164e-01,4.331732135921859683e-01,3.667660671711345799e-01,5.266823382860102987e-01,2.257662759559591892e-01,7.390088329503703424e-01,5.530190448974582340e-01,5.428269321463020658e-01,8.452286626461222863e-01,9.639377036812752930e-01,7.224304592023494953e-01,9.630569412155016717e-01,5.507869545801008515e-01,2.309287801540376717e-01,7.099594939813039796e-01
8.303317198480020256e-01,4.532335573208310375e-01,5.694094358668582156e-01,4.630055606272910351e-01,8.269647570833473793e-01,6.915367403726929707e-01,6.255798858543925034e-01,8.649609037030110414e-01,6.380865543099103476e-01,4.431140107704443776e-01,9.570714196053150546e-01,4.872950946054751542e-01,4.496183113597941317e-01,7.468019241073692305e-01,7.822902707318079019e-01,5.449382906676265570e-01,7.394816826042033275e-01,4.507330035498345877e-01,6.657817033184912914e-01,4.018040433196818917e-01,8.449452898151336155e-01,6.201389609194761787e-01,7.007947832311606229e-01,9.330144055492617383e-01,9.870097738335988913e-01,9.148119136144755581e-01,9.915639676572864936e-01,6.879117298503873990e-01,3.719054699030546751e-01,7.675069217068154481e-01
4.390071195750834820e-01,1.556447385967466013e-01,2.386120540773180032e-01,3.777604267916255809e-01,6.775458016390953908e-01,1.633394526772851962e-01,2.079298444157190173e-01,2.844906994427627844e-01,4.060361329512671147e-01,1.297062302410404433e-01,8.267348556317606345e-01,3.771006562368358628e-01,3.457359343536745566e-01,1.815250030072529663e-01,4.211268060644836053e-01,3.022430700980800466e-01,2.097269949523387078e-01,3.042927594112311285e-01,4.103435862759080011e-01,1.295510682787708312e-01,6.255433451197728312e-01,4.973494072540203259e-01,4.071287091059392904e-01,7.197037461888804444e-01,9.201013316784250051e-01,4.536755158219768491e-01,8.856275653328348207e-01,4.331771548706236374e-01,1.479990507477017547e-01,6.579352405920125824e-01
8.078669771808915101e-01,4.226068535121706438e-01,5.399754323784444754e-01,4.557924408668761473e-01,8.170119759948202276e-01,6.468515554543509127e-01,5.890585269283235004e-01,8.357594762318186765e-01,6.197833397582458437e-01,4.092151588928152339e-01,9.515104660039414020e-01,4.779710455185506301e-01,4.407105743121472741e-01,7.042025173115296077e-01,7.589310657924576153e-01,5.239942794446562635e-01,6.999529297102740077e-01,4.378717049604950451e-01,6.461354421682808935e-01,3.722167576502823372e-01,8.316834854061417870e-01,6.103256232732751085e-01,6.790710729707620796e-01,9.237164057058653288e-01,9.848468199729371042e-01,8.967790086813671735e-01,9.894558572992389056e-01,6.687807732260784288e-01,3.485133447766488590e-01,7.594314231581437147e-01
1.135807284048382243e-01,4.011924238533166875e-02,7.034217390517120971e-02,3.004096521593633273e-01,4.828528037936488104e-01,1.724314713945026070e-02,4.053216676873785951e-02,2.494570924122233718e-02,2.115548977384199558e-01,2.773485575649818277e-02,5.102245684654385105e-01,2.794711329464815708e-01,2.558161260584051466e-01,1.695173933934079197e-02,1.307069751618077647e-01,1.370066537673018947e-01,2.494560037944906425e-02,1.903039038541832761e-01,1.977102568185487297e-01,3.253256444204515735e-02,3.421053868625564820e-01,3.763963566889478307e-01,1.698167720421746851e-01,3.260496528695289165e-01,6.413775218846379245e-01,6.224320224840595300e-02,3.457099940250257797e-01,2.117371159796741509e-01,4.922548549715387300e-02,5.301897963249462276e-01
8.878590399710362124e-01,5.515452343678439728e-01,6.586473422342953299e-01,4.859575526663005851e-01,8.556866663479100188e-01,8.096711841152044453e-01,7.308598776965670174e-01,9.299887623792485458e-01,6.933239229449266183e-01,5.525651790393396601e-01,9.709405184238114606e-01,5.168775011355671856e-01,4.780408172970601055e-01,8.532982532810589049e-01,8.453017127371792450e-01,6.099488569417855777e-01,8.409336628497198207e-01,4.918552238963801448e-01,7.241550518459670682e-01,4.993800696995719379e-01,8.814021586118694351e-01,6.505702063926945833e-01,7.636990144582793683e-01,9.559633038217439926e-01,9.920422652381372108e-01,9.545918076541828334e-01,9.958502927508561253e-01,7.442845319096195178e-01,4.496148155251201151e-01,7.918389059562601640e-01
6.195648513214164765e-01,2.516274316032685032e-01,3.578518573880223874e-01,4.112476164235478460e-01,7.447962276433268691e-01,3.412505347848616699e-01,3.549095160220167022e-01,5.470858839580436950e-01,4.996020063156094704e-01,2.255011231109070868e-01,8.983493836489905293e-01,4.202985048219051167e-01,3.861142049174338675e-01,3.842594789317139159e-01,5.794239348279237589e-01,3.941034917521351599e-01,4.063398617577516636e-01,3.599973466835755254e-01,5.144771625313804275e-01,2.137529692305809303e-01,7.282659641054901600e-01,5.472563748738502598e-01,5.286372575014002262e-01,8.346609013313459613e-01,9.607605307725453070e-01,6.979428265444749258e-01,9.582837934432564264e-01,5.385715079508988090e-01,2.209566445392355805e-01,7.047598953243314757e-01
5.054572269752036773e-01,1.866369221068096829e-01,2.787664527367756384e-01,3.898448064844525218e-01,7.031228795697467282e-01,2.178835453257765287e-01,2.558090173488555275e-01,3.734508308290896972e-01,4.397023325722125842e-01,1.598194199966195272e-01,8.565865968423106436e-01,3.926531519833892370e-01,3.602262337926248059e-01,2.443226280859069066e-01,4.786386760308454225e-01,3.343625362472787410e-01,2.726187264419494549e-01,3.240361924208435274e-01,4.478524887176307256e-01,1.563784157933726382e-01,6.649355318659488923e-01,5.155789715089522662e-01,4.508761765615059702e-01,7.666156070946366086e-01,9.381125377673993349e-01,5.466183663438178852e-01,9.200499390569772951e-01,4.713801419631116207e-01,1.719666587044716144e-01,6.754171890212989915e-01
1.964902423183799429e-01,6.630260101112357696e-02,1.116644566319274362e-01,3.270264868873447028e-01,5.550506941398087868e-01,3.983391251911855974e-02,7.503603850644025020e-02,6.381130340229253239e-02,2.725845596288041239e-01,4.896733058770837144e-02,6.420873286286087334e-01,3.125836722631562536e-01,2.861315699370147736e-01,4.117088829805365391e-02,2.088928136592528573e-01,1.851453205591730156e-01,5.570930316906058666e-02,2.268477455724702552e-01,2.631078531461238934e-01,5.410820537352501597e-02,4.410062529641972651e-01,4.186464873693762634e-01,2.396933884579560969e-01,4.675584743017541789e-01,7.767002799171930372e-01,1.406377701575460826e-01,5.795641299161005122e-01,2.806922391882555878e-01,7.388334857087945629e-02,5.772150507461167868e-01
8.653873944711717447e-01,5.090254433737934070e-01,6.209757975985862322e-01,4.760075976057380198e-01,8.437702145485137528e-01,7.632437626766332972e-01,6.875547903683131290e-01,9.064234864963971461e-01,6.699721435437387962e-01,5.051819788385267795e-01,9.655689568146550439e-01,5.040722742993393179e-01,4.657070348957584316e-01,8.125556811945928715e-01,8.200588020744590256e-01,5.821394393750807250e-01,8.015381497504732167e-01,4.740051306133768461e-01,6.996588446843802211e-01,4.566841670249666696e-01,8.666248523675127435e-01,6.375286450931937354e-01,7.376261109661516047e-01,9.471287332196326458e-01,9.901584616084918578e-01,9.401819770935089249e-01,9.943561414142558785e-01,7.207140127513541605e-01,4.154306994737323455e-01,7.815414393605170096e-01
5.491290141688693893e-01,2.094521731607663362e-01,3.072743366745294136e-01,3.978544478466838341e-01,7.192621530143402664e-01,2.602637657772269297e-01,2.909317464161901845e-01,4.374245250845781308e-01,4.621332199817589914e-01,1.825187718733199405e-01,8.737652362392405170e-01,4.029865986465528405e-01,3.698827310241655786e-01,2.928375043676671452e-01,5.168081988134334281e-01,3.563443631017865210e-01,3.197921454385149187e-01,3.373545542368094341e-01,4.728350733933875394e-01,1.763464479493757897e-01,6.896418783534082886e-01,5.275287035631578414e-01,4.800633768320888839e-01,7.942961903759182540e-01,9.477969592617051520e-01,6.063086780166979661e-01,9.372126756801827385e-01,4.966758041091818288e-01,1.893148856540473046e-01,6.866388439825147350e-01
1.569181285753009358e-01,5.371862294027467122e-02,9.210225344426543892e-02,3.156356082377992367e-01,5.246646280037707832e-01,2.803562615029879523e-02,5.801067680594803461e-02,4.311767589513971349e-02,2.455246059132382141e-01,3.857508379352465877e-02,5.877994873069244397e-01,2.983370895003865653e-01,2.730679992074511730e-01,2.837966834659186657e-02,1.722961567159407292e-01,1.633809583907344376e-01,3.980429298072678951e-02,2.108365127744662726e-01,2.338891174292483943e-01,4.370788576907776862e-02,3.981609890464096191e-01,4.006173426009723704e-01,2.079949068879139995e-01,4.057085526002018327e-01,7.242410814509794292e-01,1.005484110482012250e-01,4.790074072215708689e-01,2.499725475361825600e-01,6.232060418583610512e-02,5.574741366439732726e-01
1.657930484946729954e-01,5.651988234144913331e-02,9.650182768975397452e-02,3.183535834201889902e-01,5.319923266039942034e-01,3.051645953336474051e-02,6.173744401642370511e-02,4.741285519530843290e-02,2.518590301485084115e-01,4.086058996492875073e-02,6.010983760088651762e-01,3.017267102958958724e-01,2.761732529650630097e-01,3.104759667712384680e-02,1.806003224243864225e-01,1.684158958185245081e-01,4.317498890093325603e-02,2.146072982097227688e-01,2.407001049933820969e-01,4.601815006612940823e-02,4.083419038608022134e-01,4.049275765306715735e-01,2.153202261187818767e-01,4.203771293528146824e-01,7.375190698871049166e-01,1.091406195568544735e-01,5.033277067980090891e-01,2.571464061876922447e-01,6.493479265382581800e-02,5.622373316345897765e-01
8.258503307709197383e-01,4.468435901938085375e-01,5.633371519091071589e-01,4.615079777090471125e-01,8.249360647431636107e-01,6.825239551322225262e-01,6.181060585462404555e-01,8.592879308148538842e-01,6.343207402609825074e-01,4.360277624989632450e-01,9.559703874566365389e-01,4.853600765595301736e-01,4.477677390681048530e-01,7.383072564855172049e-01,7.775825561199543046e-01,5.406044801978188152e-01,7.315651962037639233e-01,4.480591996343407102e-01,6.617507953124778242e-01,3.955997539217745440e-01,8.422664296014372720e-01,6.181111569249644333e-01,6.963580899978503158e-01,9.311765195705293818e-01,9.865877112961596307e-01,9.113231476230830852e-01,9.911641352294692231e-01,6.839929850624955066e-01,3.669994149973032638e-01,7.658474858125635665e-01
5.183667131371367809e-01,1.931551215063685711e-01,2.869982598378961747e-01,3.921994108565790005e-01,7.079348908316082101e-01,2.298349821811248028e-01,2.658656435938849261e-01,3.919554859662585655e-01,4.462916747122496197e-01,1.662612558899367599e-01,8.618424865705216487e-01,3.956890463749865861e-01,3.630608168944576275e-01,2.580385740250884519e-01,4.898818809675702379e-01,3.407716464727362227e-01,2.860636263803184032e-01,3.279329933200169078e-01,4.551936300894219301e-01,1.620641640490355362e-01,6.723191540398576471e-01,5.191032044399797041e-01,4.594520816089944226e-01,7.750344343438637651e-01,9.411290674242297483e-01,5.644308927943292309e-01,9.255107099627348788e-01,4.788257230161187539e-01,1.769445427965314621e-01,6.787461308971113327e-01
5.229364187241808404e-01,1.955061226543546304e-01,2.899499446343616338e-01,3.930350155562807313e-01,7.096290706358869826e-01,2.341789635255450974e-01,2.694892935922100774e-01,3.985912573426868555e-01,4.486313785923236597e-01,1.685933891726730249e-01,8.636658119548599188e-01,3.967668124697078524e-01,3.640675989908160881e-01,2.630178442794996463e-01,4.938691466895751003e-01,3.430570196103561176e-01,2.909222869231613551e-01,3.293196355854723367e-01,4.577999357099229449e-01,1.641186405374638335e-01,6.749155672501983005e-01,5.203516378260800712e-01,4.624971372683987503e-01,7.779655593881675824e-01,9.421645612392229863e-01,5.707057784074637263e-01,9.273621308341726266e-01,4.814666210311344674e-01,1.787354777688440199e-01,6.799214734136294069e-01
8.715079699025820581e-01,5.200013674471655190e-01,6.308289092146606158e-01,4.785658106635545805e-01,8.469103702493225860e-01,7.758931139183609105e-01,6.990563033359138423e-01,9.130904389643176300e-01,6.760662409257210959e-01,5.174149751937962005e-01,9.670360360094618635e-01,5.073677173812074503e-01,4.688766143016248056e-01,8.238043464743513011e-01,8.268451237985802171e-01,5.893513729815269553e-01,8.123273438366438448e-01,4.785927127361729316e-01,7.060786508601182287e-01,4.676325480169549742e-01,8.705690272157307064e-01,6.409040053067505127e-01,7.445072678194468718e-01,9.495497347112296094e-01,9.906815897369165569e-01,9.442536949135895696e-01,9.947852131255804364e-01,7.269033402135478550e-01,4.241609981672220253e-01,7.842251756051509259e-01
6.207617141950201312e-01,2.524129075352950502e-01,3.587693626376116107e-01,4.114830625775178774e-01,7.452289015575412900e-01,3.427729993215461457e-01,3.560848105062551228e-01,5.489939933489618173e-01,5.002585027094827996e-01,2.263129850909808838e-01,8.987389203271864968e-01,4.206031266367432075e-01,3.864004327797484484e-01,3.859578381641306510e-01,5.805023566265539170e-01,3.947766940280545422e-01,4.079253091709477141e-01,3.603992616515642733e-01,5.152052650757494856e-01,2.144557759676370134e-01,7.289139909855167909e-01,5.476002222368682171e-01,5.294845426602254879e-01,8.353066646948218432e-01,9.609572046315320026e-01,6.994363877612747027e-01,9.585841214878466632e-01,5.393010412510406137e-01,2.215422786045844750e-01,7.050713254604025204e-01
9.499510635856487362e-01,7.158507309516675132e-01,7.931429747465637004e-01,5.277567659610028494e-01,8.976939986202057131e-01,9.316357045905098166e-01,8.678092666680045086e-01,9.803953739922752764e-01,7.803316615390952782e-01,7.330129439243864287e-01,9.858563112312932475e-01,5.701995775007210332e-01,5.299346678860036297e-01,9.523445625146043092e-01,9.212915463149412565e-01,7.175030266007327295e-01,9.424331393732855444e-01,5.664879319481496145e-01,8.125694668497592810e-01,6.717899330150302051e-01,9.288865997859012680e-01,7.027401559865513736e-01,8.529925376078366650e-01,9.798503831354230531e-01,9.967489872484727176e-01,9.861628425596246084e-01,9.988625901035518284e-01,8.282949655266982347e-01,5.945206582416486807e-01,8.311347793560085462e-01
3.860163517997736160e-01,1.334823038021122621e-01,2.087921277114704044e-01,3.679653711981989983e-01,6.557456497852021116e-01,1.272992957142011217e-01,1.738700257711375263e-01,2.219775606849692107e-01,3.790672553045136284e-01,1.087502645676415997e-01,7.987615158895531309e-01,3.645358053408119248e-01,3.340658384786124868e-01,1.400301546712704737e-01,3.754584934241417815e-01,2.772661856679433656e-01,1.666509219003936004e-01,2.886245073374656411e-01,3.803345701617301677e-01,1.105751311430576561e-01,5.919330493562773299e-01,4.824085048595693759e-01,3.723019661562670390e-01,6.772317785027841541e-01,9.018923740493740571e-01,3.795452683161960605e-01,8.483931731871987569e-01,4.024213638664317916e-01,1.304692844752852465e-01,6.432743712896525912e-01
7.653880630600465862e-01,3.728080816639942063e-01,4.902374998195799805e-01,4.437749570698633073e-01,7.993891859182635784e-01,5.664405993510821524e-01,5.259472465193022472e-01,7.759580106697440138e-01,5.884296443745279381e-01,3.545545804656891065e-01,9.406597556918809833e-01,4.624187606385035121e-01,4.259045592466472741e-01,6.246161870655249082e-01,7.162085575756297340e-01,4.888238957775187243e-01,6.269196174397274612e-01,4.165612386239759823e-01,6.121859779420298908e-01,3.249041970094937448e-01,8.075140810518727230e-01,5.937200614156521450e-01,6.409906111213744540e-01,9.054989520762363187e-01,9.804128261049787074e-01,8.590726685033560628e-01,9.847088852662689851e-01,6.355367970551479839e-01,3.110239007746540274e-01,7.455067042352405693e-01
4.276185487530463347e-01,1.507110987238667321e-01,2.320572079837837642e-01,3.756763127057848317e-01,6.729867064994394799e-01,1.550741291185321891e-01,2.003232203549789314e-01,2.703955608256516374e-01,4.002681713390487395e-01,1.249968581314891414e-01,8.210760121962101810e-01,3.744238285343963746e-01,3.432470345745076146e-01,1.719996924971772256e-01,4.113079807220313966e-01,2.968449414893454263e-01,1.999620051051795577e-01,3.009329994313066359e-01,4.039207805810648977e-01,1.253118085245605029e-01,6.185102288791219927e-01,4.941823084512702580e-01,3.996578676416341347e-01,7.109925454594145933e-01,9.165208061247062110e-01,4.376772782069445755e-01,8.784698006349245247e-01,4.266087516425483561e-01,1.441291834605629707e-01,6.548527370202905651e-01
8.115948229994390806e-02,2.988533434121214485e-02,5.347292555105667700e-02,2.856630451880138311e-01,4.414251717771415784e-01,1.057848346243414096e-02,2.819884509267897230e-02,1.434592129071010462e-02,1.812575229936430887e-01,1.990136830644300900e-02,4.324256910765095774e-01,2.614163455821683080e-01,2.393523348500019854e-01,1.009643035978005296e-02,9.806983407383849938e-02,1.143821257747470871e-01,1.556983115608539039e-02,1.714009047195352575e-01,1.660202183345080573e-01,2.416793904232060822e-02,2.903119627003366565e-01,3.528599506204378455e-01,1.375348168300612739e-01,2.555429397765039412e-01,5.494511234393951726e-01,3.798279667320866165e-02,2.332717511796311982e-01,1.780737163474898077e-01,3.880103687741836421e-02,5.028207534080882946e-01
6.943716148906433627e-01,3.064197291396343892e-01,4.198918742684651373e-01,4.267567642895825353e-01,7.721150028728284154e-01,4.466002601028506436e-01,4.350196604414547363e-01,6.667878808551472858e-01,5.425171687733810755e-01,2.829901152729503155e-01,9.212180559318258188e-01,4.403772643103128770e-01,4.050277635842872148e-01,4.996147860802936380e-01,6.480526479155336306e-01,4.389528447721131599e-01,5.128192183616220312e-01,3.867256612755243794e-01,5.619140950405341339e-01,2.633252498144831866e-01,7.686275042899153309e-01,5.696772516735827407e-01,5.835847546274823827e-01,8.728207538361499873e-01,9.718241547467041386e-01,7.862393313129476535e-01,9.741244677241279737e-01,5.858839930730035395e-01,2.616563398630533110e-01,7.247554527035804384e-01
6.834321752906427072e-01,2.975953230708656694e-01,4.101587472281633118e-01,4.243686468654619404e-01,7.680636310148913903e-01,4.298686098857488203e-01,4.223981071059539905e-01,6.493756039734392971e-01,5.359621304223496363e-01,2.736223373600077391e-01,9.180454866790656032e-01,4.372842831436755118e-01,4.021079351915637368e-01,4.816086468894905104e-01,6.378428167850037633e-01,4.319917428850717500e-01,4.963240996821523532e-01,3.825783649919777818e-01,5.546921520687727591e-01,2.552660621629417870e-01,7.627205630286060245e-01,5.662557110898603918e-01,5.752590343265858719e-01,8.675014727597448738e-01,9.703492951242961295e-01,7.740155673659789848e-01,9.721452194542127279e-01,5.787096383735752525e-01,2.551129058857816156e-01,7.217446494289571080e-01
2.809348132196150538e-01,9.443321415388773732e-02,1.537013082029044242e-01,3.470575446648413442e-01,6.061442641897277772e-01,7.185692772620147495e-02,1.151944379886694209e-01,1.218008275287195963e-01,3.231379965433148205e-01,7.321852666209083260e-02,7.268062423856238574e-01,3.378736426264948300e-01,3.094045522181574359e-01,7.680379923257343866e-02,2.842707430661549073e-01,2.275915269252348494e-01,9.756578948975212773e-02,2.562845839665908176e-01,3.184147686746395811e-01,7.756018851183271723e-02,5.162746697925433281e-01,4.500803422332797510e-01,3.013737101381731009e-01,5.749918369700002252e-01,8.492566773754928189e-01,2.394380007365823071e-01,7.342282990423094624e-01,3.384326505484568925e-01,9.840530094544544526e-02,6.105008388353346804e-01
6.523986954758494994e-01,2.741673239624564662e-01,3.838460394886378801e-01,4.178379921156458177e-01,7.566972241190422777e-01,3.849034765296262539e-01,3.883462361472864166e-01,5.996593321617783579e-01,5.179287387157417433e-01,2.489473155527596460e-01,9.087404825668974340e-01,4.288279058802119126e-01,3.941368344089055675e-01,4.326109177535144013e-01,6.092218443840309305e-01,4.130469899202837691e-01,4.512361819351947689e-01,3.712939584478972543e-01,5.347771131117948773e-01,2.340107402534710446e-01,7.459946599955155078e-01,5.568411084522653098e-01,5.522204280986139358e-01,8.519422433430846597e-01,9.659107046053398982e-01,7.380108395869613425e-01,9.659339058776481579e-01,5.588724238295437186e-01,2.377282036860747794e-01,7.133849821554145709e-01
7.423690005488586818e-01,3.493291276410173674e-01,4.659163387915735699e-01,4.379193269756444518e-01,7.903169284318867227e-01,5.254927251025776069e-01,4.946402097874352810e-01,7.415535299202024033e-01,5.728091621928265154e-01,3.290463203027689798e-01,9.345574219820015349e-01,4.548356840701938686e-01,4.187082809587945875e-01,5.827239328875151170e-01,6.937218912240429303e-01,4.716381946238944467e-01,5.886898073345344651e-01,4.062441565193563031e-01,5.951493622249982574e-01,3.029333109919570277e-01,7.947625022963142882e-01,5.855157709146029399e-01,6.216565276969053810e-01,8.952356664226779337e-01,9.778027208116705227e-01,8.367553294265825947e-01,9.816732279209987588e-01,6.187665941796924862e-01,2.935142186036856504e-01,7.385047981898577030e-01
2.439181314638984022e-01,8.183237532613375775e-02,1.351404267973288220e-01,3.388006256365726498e-01,5.854763435149828998e-01,5.660017872916794229e-02,9.690731584235529050e-02,9.399396063369404308e-02,3.018813092999749204e-01,6.219675227351840335e-02,6.936925474026139904e-01,3.274152398687287246e-01,2.997668432809961758e-01,5.969878398224980065e-02,2.515778214571896543e-01,2.094603876574896439e-01,7.783621486439926129e-02,2.439586460095674592e-01,2.950618249873568355e-01,6.702064015682585030e-02,4.854084084578094149e-01,4.371708771700699159e-01,2.750944946962947668e-01,5.313627453216576146e-01,8.222546001910573388e-01,1.941697470083214305e-01,6.752585152814883918e-01,3.141183443721555224e-01,8.761025339207433038e-02,5.970028324604335079e-01
3.500841574604643403e-01,1.194882605405194476e-01,1.894440019207151715e-01,3.611127761781915968e-01,6.399388554165216236e-01,1.061316076788179213e-01,1.525800513128172942e-01,1.841393416226786151e-01,3.604522830522139953e-01,9.579759375370132390e-02,7.770523836732692313e-01,3.557715183566393380e-01,3.259443007083220878e-01,1.157565387908234961e-01,3.444437133627408221e-01,2.604154384340369166e-01,1.407122612296934638e-01,2.778536927354063324e-01,3.596662107897389826e-01,9.868208193497320091e-02,5.676480574517974720e-01,4.718748294776780594e-01,3.484602883034404464e-01,6.453110207887496896e-01,8.868870547415720340e-01,3.301907855030188355e-01,8.164827990459445628e-01,3.811408744819428929e-01,1.191792855899142523e-01,6.327550051159261946e-01
8.284144738080911896e-01,4.504815831826364247e-01,5.667986413476113761e-01,4.623609837463094618e-01,8.260939851091725350e-01,6.876753724602409079e-01,6.223705855022397815e-01,8.625435353614715472e-01,6.364679614741706182e-01,4.400613909668260604e-01,9.566008447926923619e-01,4.864622983191869143e-01,4.488217328764814718e-01,7.431686495278898574e-01,7.802731406473062403e-01,5.430740056581914166e-01,7.360933864640177848e-01,4.495819585596370072e-01,6.640499029010031862e-01,3.991300091983978615e-01,8.437970080394429084e-01,6.192667931595944308e-01,6.988899790159287528e-01,9.322291113765669435e-01,9.868297676122920192e-01,9.133260226543591376e-01,9.913941447128638007e-01,6.862285261579261775e-01,3.697908165055875385e-01,7.667937802975788308e-01
6.073508646233012342e-01,2.437560898981426527e-01,3.486096577731147561e-01,4.088629219737383580e-01,7.403824819568960436e-01,3.260039529746296960e-01,3.430947694535100845e-01,5.276724055000311386e-01,4.929467652915405229e-01,2.173870897624843312e-01,8.943246204367729657e-01,4.172136452676261098e-01,3.832168365584379677e-01,3.672063796198097863e-01,5.684495129590141360e-01,3.873014933160560669e-01,3.903814998065658903e-01,3.559338011780229794e-01,5.070925568347172119e-01,2.067225338235574028e-01,7.216415730248193494e-01,5.437678819212490300e-01,5.200388079787869877e-01,8.279990472351677067e-01,9.587122418420407355e-01,6.825671604935039660e-01,9.551191618287330209e-01,5.311665379118057917e-01,2.150820499830101706e-01,7.015917924923209537e-01
6.402365060491659321e-01,2.655697491751602968e-01,3.740116476638677412e-01,4.153631597851169532e-01,7.522791094636868126e-01,3.682724405480363727e-01,3.756652584732469435e-01,5.801457428896779067e-01,5.110595838480197495e-01,2.399683349046910497e-01,9.049609649844381210e-01,4.256243100461548634e-01,3.911215617903042729e-01,4.142762087950813132e-01,5.981307057747429212e-01,4.059101078512405980e-01,4.342667956045551669e-01,3.670406800479943388e-01,5.271749059425896444e-01,2.262615733817965880e-01,7.394370666933356429e-01,5.532515917870330924e-01,5.433989509341146107e-01,8.456438169637964242e-01,9.640607290859855016e-01,7.233938001963654552e-01,9.632383282579199957e-01,5.512793237384486789e-01,2.313382404105623902e-01,7.101684375468646504e-01
4.618829033556034469e-01,1.658682878807946903e-01,2.520492575277089586e-01,3.819270266514346313e-01,6.865304552880222566e-01,1.808619445271638926e-01,2.237170147156808675e-01,3.138551589693590049e-01,4.176065464413576400e-01,1.395413460650622717e-01,8.375882438372861394e-01,3.824572455827912054e-01,3.507209195531104662e-01,2.017198357758417937e-01,4.408732779638417920e-01,3.131639763431134926e-01,2.302172246181964088e-01,3.110503906141086627e-01,4.232323257180378717e-01,1.383630916523646004e-01,6.393993546159810748e-01,5.036610994218565507e-01,4.221419823450086040e-01,7.365764012446517350e-01,9.268211505442480735e-01,4.858106898433668941e-01,8.988011473673128693e-01,4.463345460759869376e-01,1.559665331076169614e-01,6.640381776338887265e-01
9.212242603835618660e-01,6.287339259333469821e-01,7.238430605887208324e-01,5.046144259540816801e-01,8.759647863580217741e-01,8.773125112582492724e-01,8.010343403561381859e-01,9.599936907706535516e-01,7.344447971066923042e-01,6.381708203829374870e-01,9.788955649247369495e-01,5.407850335000949915e-01,5.011984218810885405e-01,9.098073352744843190e-01,8.847349736775369511e-01,6.600366177220923225e-01,8.974697355680291144e-01,5.253029669135615976e-01,7.665511318575415345e-01,5.788754571003470462e-01,9.052820349520179777e-01,6.743856803590458915e-01,8.075425465425742910e-01,9.688555019054326811e-01,9.946594126040967376e-01,9.731484523850495449e-01,9.976693545362679272e-01,7.847793259333250004e-01,5.146702667514860829e-01,8.101491068834364428e-01
1.666804950781568262e-01,5.680054528154958315e-02,9.694116673152280983e-02,3.186195427191864105e-01,5.327068692618135426e-01,3.076970044052144970e-02,6.211295377973942433e-02,4.785324055551190559e-02,2.524830829277243116e-01,4.109049291433432283e-02,6.023888161331106827e-01,3.020587284806166561e-01,2.764775127404704991e-01,3.132065293358002322e-02,1.814273506769332467e-01,1.689139076256782890e-01,4.351822896864668277e-02,2.149779639104009432e-01,2.413721061117568845e-01,4.624977466005920218e-02,4.093400043004364885e-01,4.053490807677818664e-01,2.160451587278544028e-01,4.218168836730690208e-01,7.387927967277932995e-01,1.100129274963863452e-01,5.057025349252431967e-01,2.578537849113476388e-01,6.519535177903670875e-02,5.627016503190934715e-01
7.963325304500972202e-01,4.081334775784776769e-01,5.257674070955542511e-01,4.523445276952015592e-01,8.120906729926097301e-01,6.244435247166548741e-01,5.711872218165229276e-01,8.200684514555646176e-01,6.108923276750416465e-01,3.932618025799532457e-01,9.486111894974138536e-01,4.735108942889344474e-01,4.364578798739529586e-01,6.823939371304040824e-01,7.471561502778358843e-01,5.139298730106365287e-01,6.798569586201821391e-01,4.317409367419856592e-01,6.365443569689092085e-01,3.583651367585016789e-01,8.250188818929540258e-01,6.055937508260984536e-01,6.683786237164276445e-01,9.188560534603608110e-01,9.836889980875603845e-01,8.869994126648201860e-01,9.882692927929968008e-01,6.594126671363437220e-01,3.375566538483479317e-01,7.554969340400117250e-01
5.754154346018727217e-01,2.243280046829141672e-01,3.254161195633569204e-01,4.027622108006702062e-01,7.288295817214258676e-01,2.885670858657378712e-01,3.136715508267822750e-01,4.776025953829666215e-01,4.758824952360797833e-01,1.975366391746660732e-01,8.833465845322067134e-01,4.093261871642647209e-01,3.758187450669308594e-01,3.250094050719869454e-01,5.399984408159402838e-01,3.700488512687087339e-01,3.505498203487585340e-01,3.455999398456872096e-01,4.881327760983217301e-01,1.894666316817454899e-01,7.041934647596511665e-01,5.347954525954172755e-01,4.979278266829655353e-01,8.099307016241855672e-01,9.529768766101864852e-01,6.412949307034238045e-01,9.459184038890998680e-01,5.121058048270852314e-01,2.005271250299917318e-01,6.933719916865971333e-01
3.112704975659520978e-01,1.051539292951376853e-01,1.691764275647380245e-01,3.534001782512715684e-01,6.216177203835635545e-01,8.591362881402586638e-02,1.310499709645155386e-01,1.474596920058941496e-01,3.398159018975689949e-01,8.277772359327477403e-02,7.504404902575113612e-01,3.459363811767985908e-01,3.168480668832654445e-01,9.270878414705670256e-02,3.107793059157888949e-01,2.421053518513092140e-01,1.154452842775472304e-01,2.659285749123901366e-01,3.368174191675259443e-01,8.657103163195982443e-02,5.396808062262591354e-01,4.599452820432113898e-01,3.222858449592336250e-01,6.074464758806672471e-01,8.674598117857720281e-01,2.784025337532483046e-01,7.742169330502121083e-01,3.575235855264107809e-01,1.073940819942186958e-01,6.206562421003671837e-01
8.971029198635973589e-01,5.710070986356612366e-01,6.754569937605923169e-01,4.905663043075357277e-01,8.609405131679565004e-01,8.286675641622924804e-01,7.495659652073336510e-01,9.389261721259087867e-01,7.038126995450499912e-01,5.742250319681552195e-01,9.731423367178920758e-01,5.227968507106204310e-01,4.837584678023723606e-01,8.695247292764540781e-01,8.559677615536737116e-01,6.225916150218476774e-01,8.569020046276436542e-01,5.001254437156422705e-01,7.350629328054343326e-01,5.191792435862129240e-01,8.877479982903748734e-01,6.565313512176931265e-01,7.751420426174155942e-01,9.595579814002245245e-01,9.927883787856326414e-01,9.600813795389642191e-01,9.964012681459397669e-01,7.547396970551042417e-01,4.656171487454258684e-01,7.964815731140875155e-01
6.755727976323220307e-01,2.914457763427945047e-01,4.033192385617739850e-01,4.226823874056567787e-01,7.651691574762340409e-01,4.181331020749166627e-01,4.135345192930565128e-01,6.368172736849389004e-01,5.313201226650051678e-01,2.671172714400777415e-01,9.157327379150649316e-01,4.351004930281185956e-01,4.000478067392508330e-01,4.689044555144521453e-01,6.305480819610440602e-01,4.270862875948570059e-01,4.846648866035624947e-01,3.796565029074942532e-01,5.495721345360973231e-01,2.496670220911713922e-01,7.584821713951098721e-01,5.638328707896615999e-01,5.693466445788976094e-01,8.636279778323825429e-01,9.692616965332646606e-01,7.650795045636386016e-01,9.706579502001922988e-01,5.736171052765144385e-01,2.505521709264546537e-01,7.196038658686420009e-01
1.629081547475355052e-01,5.560823238704805382e-02,9.507294055012954770e-02,3.174818744398549830e-01,5.296471987167624684e-01,2.969974262471838586e-02,6.052034143009275141e-02,4.599496392397455641e-02,2.498188766369454361e-01,4.011495813316014181e-02,5.968550065587362452e-01,3.006389052883868263e-01,2.751765141041140894e-01,3.016786093082407874e-02,1.779077085736168462e-01,1.667902750535277534e-01,4.206697578554124961e-02,2.133945070647797759e-01,2.385044357931035419e-01,4.526598154773556204e-02,4.050727498151507344e-01,4.035457219302656107e-01,2.129543236267707196e-01,4.156633109321402619e-01,7.333123209514723628e-01,1.063213171346073654e-01,4.955360534644464021e-01,2.548346128024952528e-01,6.408675861585055866e-02,5.607132655814200950e-01
9.534050739218644654e-01,7.282166563023635408e-01,8.026577181651602944e-01,5.313390544964744500e-01,9.007461929118391053e-01,9.377392117089049517e-01,8.762714191978815403e-01,9.824692813511198830e-01,7.869159132737117979e-01,7.462327337707037600e-01,9.867109038491586048e-01,5.747243561105693788e-01,5.343800545181439654e-01,9.569337766021135394e-01,9.259097844052314175e-01,7.258742134468344487e-01,9.474821223864983155e-01,5.728105159191447804e-01,8.190465710434808866e-01,6.852619983346001087e-01,9.320220825284045718e-01,7.070097561054319302e-01,8.591874576428448762e-01,9.811742441602061549e-01,9.969902014416182068e-01,9.875238486246117331e-01,9.989824603522562407e-01,8.343822644667167054e-01,6.065781187303496136e-01,8.342195477261881154e-01
3.648240663927164174e-01,1.251379906377743101e-01,1.973058049647696266e-01,3.639513239376551690e-01,6.465411260366579205e-01,1.145161346180003925e-01,1.611482728098593831e-01,1.992100673653408593e-01,3.681340866873000772e-01,1.009993054732722245e-01,7.862634538173314258e-01,3.593991475968873472e-01,3.293040671836408584e-01,1.253576467922300208e-01,3.571782925298191969e-01,2.673307409310259342e-01,1.510468062239776477e-01,2.822956723282037395e-01,3.681896955224865375e-01,1.034753188490642323e-01,5.777778229085059891e-01,4.762459507899282629e-01,3.582754545895917575e-01,6.587422288443425256e-01,8.933465165893551552e-01,3.503039934235861463e-01,8.303242498801546301e-01,3.899264022055109469e-01,1.237607177839711720e-01,6.371387155933969648e-01
5.411163071774405253e-01,2.050978236738829619e-01,3.018987207849720411e-01,3.963738848926459668e-01,7.163278883996582191e-01,2.520656387500302409e-01,2.842477919033470357e-01,4.254069138870408273e-01,4.579845548268264843e-01,1.781544150887992561e-01,8.707371257152481947e-01,4.010751977605251928e-01,3.680947735444964897e-01,2.834814270391325941e-01,5.097744702424371610e-01,3.522436329801016952e-01,3.107742105031399138e-01,3.348794900900926574e-01,4.682163788519522196e-01,1.725210861074732704e-01,6.851633661681463261e-01,5.253281393195949889e-01,4.746674897120829462e-01,7.893831892254172811e-01,9.461266360705634648e-01,5.954881645809931845e-01,9.343314219647200769e-01,4.920082775978236733e-01,1.860194125406186283e-01,6.845863646673887581e-01
5.347581003952883716e-01,2.016987955495328777e-01,2.976814572793039515e-01,3.952032096734090505e-01,7.139920262557378772e-01,2.456985880186199622e-01,2.790229268960280340e-01,4.159551252160802459e-01,4.547045550338764119e-01,1.747578617642378818e-01,8.682963920835973237e-01,3.995642540583027036e-01,3.666819840338326753e-01,2.762046700987269010e-01,5.042036632275800345e-01,3.490128195822025381e-01,3.037356598161670140e-01,3.329266328974770928e-01,4.645640231267372244e-01,1.695397224115908763e-01,6.815935256612228876e-01,5.235854629560749984e-01,4.704002155719425593e-01,7.854334186553670882e-01,9.447687910286406421e-01,5.868557253879386204e-01,9.319639342118561931e-01,4.883143950697675928e-01,1.834422196277006034e-01,6.829564868464218508e-01
7.126459763449475293e-01,3.219021718379181940e-01,4.367427539506655854e-01,4.308643271447329393e-01,7.789529598837586777e-01,4.755862899277116806e-01,4.568756566204502656e-01,6.956268500611072492e-01,5.537346229164460398e-01,2.995156711135925631e-01,9.264033969981460004e-01,4.456976213307957124e-01,4.100557907057436058e-01,5.305020012486244552e-01,6.652642726721014199e-01,4.509575875546467660e-01,5.410512905262478967e-01,3.938834282944521648e-01,5.742493144411701111e-01,2.775359278447153688e-01,7.785261720734368840e-01,5.755353007549375288e-01,5.977643974085963263e-01,8.815265695633217602e-01,9.741914957985079448e-01,8.060846073232814657e-01,9.772074273167417058e-01,5.981139991327196759e-01,2.731390340426236851e-01,7.298766730269645731e-01
6.023819677124315763e-01,2.406268353901233892e-01,3.449110148791744712e-01,4.079016521429771891e-01,7.385870921967296887e-01,3.199509114616098659e-01,3.383798061092603837e-01,5.198098887991706718e-01,4.902612463693740152e-01,2.141725308433641284e-01,8.926607705308787777e-01,4.159703969049080019e-01,3.820497746199094102e-01,3.604140335291934338e-01,5.640004267831991713e-01,3.845684034561198117e-01,3.840044205452395332e-01,3.542995525722080208e-01,5.041110284626721949e-01,2.039338700837171336e-01,7.189400076524232741e-01,5.423586690533998000e-01,5.165647697455851839e-01,8.252506707441090716e-01,9.578568785947283448e-01,6.762442207098825486e-01,9.537781269348557522e-01,5.281737711479064235e-01,2.127433787465160819e-01,7.003076086039681236e-01
6.599961605803658093e-01,2.796975939408188894e-01,3.901205245714919334e-01,4.194065301481039731e-01,7.594657993498422632e-01,3.955732313219024743e-01,3.964524353708231974e-01,6.118527165477074536e-01,5.222730791648395599e-01,2.547451762148324472e-01,9.110622547838390650e-01,4.308586532906222843e-01,3.960494728561275712e-01,4.443149370982134583e-01,6.161846260827920085e-01,4.175832748983582254e-01,4.620380564943750157e-01,3.739963676909159873e-01,5.395806457214336049e-01,2.390097378803708039e-01,7.500884727471412994e-01,5.591099721334634731e-01,5.577872001848784844e-01,8.558179444955297255e-01,9.670337721580564150e-01,7.470007455100912130e-01,9.675404019519674437e-01,5.636643422792296798e-01,2.418348607016382878e-01,7.154097471946319065e-01
1.001646509878323515e-01,3.590346829412985330e-02,6.344917421874864127e-02,2.947805835775765826e-01,4.671235200203312510e-01,1.433915507328646990e-02,3.535390567410047480e-02,2.024989151220008346e-02,1.996781395823391259e-01,2.447033639418539838e-02,4.806495948776080551e-01,2.725526276418638316e-01,2.495021924107421185e-01,1.394039261135576399e-02,1.173954108568859012e-01,1.280360310654163336e-01,2.088305572189797302e-02,1.829722792810589138e-01,1.852160402229664493e-01,2.908204909651308789e-02,3.219801065135860507e-01,3.674177627145662761e-01,1.569485749081231674e-01,2.981946597849818859e-01,6.074281591924584056e-01,5.171382346970029853e-02,3.001168655266745477e-01,1.984835154830948134e-01,4.500198956696061653e-02,5.198496247266877202e-01
1.110266138227637145e-01,3.931785462722102442e-02,6.903760537143475984e-02,2.993801978440951417e-01,4.799854978862521104e-01,1.667446124534874632e-02,3.953809403104765335e-02,2.401807211444074996e-02,2.093545974588938985e-01,2.711049960018584865e-02,5.048390619962068726e-01,2.782034925802682190e-01,2.546587686444188869e-01,1.635946034766115262e-02,1.281913870798908894e-01,1.353349029381095137e-01,2.415251631312956282e-02,1.889524853427003437e-01,1.953890193122739816e-01,3.187613740987916416e-02,3.383958834176629127e-01,3.747550686128767738e-01,1.674129175764880739e-01,3.208779216199661444e-01,6.352897324420619940e-01,6.018745311305385981e-02,3.371623938297146905e-01,2.092766662964791469e-01,4.842947756709950480e-02,5.283088126619150948e-01
4.825118249026724704e-01,1.754756203910274315e-01,2.645026533608930697e-01,3.856736891275919787e-01,6.944607727308803602e-01,1.977699533926684239e-01,2.385659265569451404e-01,3.414941958496116037e-01,4.280476334312725561e-01,1.488736286856909286e-01,8.468378287618094635e-01,3.872793179026676191e-01,3.552136199753873069e-01,2.211936424309816629e-01,4.587214790011162613e-01,3.231249060431035103e-01,2.497275308984444053e-01,3.171721509802119532e-01,4.348661333409925556e-01,1.466777196614378331e-01,6.516162888116938667e-01,5.093132751306019834e-01,4.357128387959456339e-01,7.511229905797177642e-01,9.323939258407349939e-01,5.147006298692984316e-01,9.094388868432697892e-01,4.581837825222238036e-01,1.633963890566528798e-01,6.694582710539649373e-01
5.274530486379450656e-01,1.978530073558651403e-01,2.928873807165630061e-01,3.938622212436097558e-01,7.112992454866109426e-01,2.385318329500153711e-01,2.731043610490161977e-01,4.051923034744702168e-01,4.509480783284279815e-01,1.709259459616667143e-01,8.654494850279439433e-01,3.978339370991211266e-01,3.650646911186580246e-01,2.680037741400221885e-01,4.978141620752304930e-01,3.453249154605896876e-01,2.957760771719853410e-01,3.306942471797030825e-01,4.603803962469336097e-01,1.661714926718930452e-01,6.774734356475058394e-01,5.215863515849512577e-01,4.655120949533173569e-01,7.808381091581789724e-01,9.431720440087661972e-01,5.768906903735538938e-01,9.291517635344859194e-01,4.840800454633496508e-01,1.805210122610300116e-01,6.810818919419081574e-01
6.553891123756215853e-01,2.763290247530231780e-01,3.863033836595402559e-01,4.184532191764418485e-01,7.577860591375025212e-01,3.890772447048133076e-01,3.915196538145593319e-01,6.044591049644382208e-01,5.196336208266275625e-01,2.512115749226371264e-01,9.096578711699424558e-01,4.296243975017843830e-01,3.948868840915550349e-01,4.371948274879554064e-01,6.119592037048664501e-01,4.148251087228156941e-01,4.554694435208723191e-01,3.723533123715003224e-01,5.366626207585454278e-01,2.359634251361259205e-01,7.476061442864292417e-01,5.577315959504811627e-01,5.544062171097273728e-01,8.534730549876696770e-01,9.663556793024986602e-01,7.415625021222231883e-01,9.665731683202017921e-01,5.607539141524601201e-01,2.393337292765383151e-01,7.141804351746094959e-01
3.190124279196129842e-01,1.079544704406321248e-01,1.731733734615551468e-01,3.549704455758257438e-01,6.253925063358503067e-01,8.973964720764082692e-02,1.352295196128307231e-01,1.544291078342394374e-01,3.439874567816322837e-01,8.530065885710083617e-02,7.560475952796337218e-01,3.479361392555666010e-01,3.186961043245389313e-01,9.705678253675791012e-02,3.175132507217750533e-01,2.457752865540724641e-01,1.202660155224927335e-01,2.683391244799174236e-01,3.414298115376372400e-01,8.893154380409783177e-02,5.454230265499721009e-01,4.623801734797660101e-01,3.275520856598834740e-01,6.153081109167455320e-01,8.716474383908624501e-01,2.885759476388680134e-01,7.833849335089355659e-01,3.622988254801428054e-01,1.097162503891799118e-01,6.231417856146292955e-01
8.346869566073720215e-01,4.595889094034987798e-01,5.754137538631270976e-01,4.644921114282437591e-01,8.289591931182330731e-01,7.003372960686854443e-01,6.329366451759254053e-01,8.703976166086350164e-01,6.418062821380585703e-01,4.501678982469498047e-01,9.581378340437565200e-01,4.892153819543542115e-01,4.514558150034743145e-01,7.550481482659306964e-01,7.868897364368963032e-01,5.492315502495074275e-01,7.471853476425898144e-01,4.533887477940263810e-01,6.697573566904816422e-01,4.079911417991570755e-01,8.475664065188368568e-01,6.221467966976356179e-01,7.051598934184063472e-01,9.347928298717740336e-01,9.874155810886640072e-01,9.181499590534242250e-01,9.919429401971412430e-01,6.917734933697007316e-01,3.767994545887303759e-01,7.691452822790062482e-01
8.200970427710487787e-01,4.388524466613986652e-01,5.556928041126036888e-01,4.596302586398525736e-01,8.223646511851853136e-01,6.710215832440904471e-01,6.086509523902988716e-01,8.518909115358486162e-01,6.295732803745169859e-01,4.271752705206705025e-01,9.545510326623013464e-01,4.829332413423884085e-01,4.454482631605035103e-01,7.273940070926462331e-01,7.715746418278549568e-01,5.351591347529396359e-01,7.214213471557610058e-01,4.447091968023436093e-01,6.566607101801831270e-01,3.878640229607919210e-01,8.388527764980211465e-01,6.155614716957071852e-01,6.907402336339543147e-01,9.288048874900745044e-01,9.860390675416526030e-01,9.067644357085877793e-01,9.906358982323577589e-01,6.790397824766062351e-01,3.608836704604199697e-01,7.637541367803044601e-01
7.153963166012344832e-01,3.243180627982443220e-01,4.393467820473173080e-01,4.314965262660503398e-01,7.799908335164152939e-01,4.800610809877107199e-01,4.602518993931745683e-01,6.999334043067046984e-01,5.554542148571711691e-01,3.021041662848811260e-01,9.271719879767205130e-01,4.465165058116811192e-01,4.108303055407830917e-01,5.352346758044116415e-01,6.678725463818001584e-01,4.528081703723202955e-01,5.453718742675461861e-01,3.949877247431500815e-01,5.761374896463619111e-01,2.797615438247756936e-01,7.800204443432040557e-01,5.764338580052378314e-01,5.999300391369380980e-01,8.828179926117476484e-01,9.745377631170676347e-01,8.090075135224595870e-01,9.776483299869328514e-01,5.999833992739992405e-01,2.749315749812928367e-01,7.306584710101341473e-01
8.811463902942477944e-01,5.381792669089947578e-01,6.469484642541486474e-01,4.828161562038240651e-01,8.520101811673397307e-01,7.958183430649526935e-01,7.176094187400294810e-01,9.232159199871416977e-01,6.860542034379444321e-01,5.376748266125888076e-01,9.693396933536768678e-01,5.128382647939391248e-01,4.741451449576825627e-01,8.412997746079994288e-01,8.376643975821728150e-01,6.012410590962420365e-01,8.292363495485318703e-01,4.862180233777100846e-01,7.165595534094092445e-01,4.858763082257839261e-01,8.768987874401974469e-01,6.464779876903178346e-01,7.556686873224335299e-01,9.533393722061904718e-01,9.914900681016713957e-01,9.504436398512779993e-01,9.954271747704256379e-01,7.369894881943320764e-01,4.387602553811725814e-01,7.886285627458848868e-01
1.423576709656420303e-01,4.914038127417080792e-02,8.485314409589868323e-02,3.109214482403507285e-01,5.118502897127021889e-01,2.416689331373710753e-02,5.200697268471504014e-02,3.649661173682897108e-02,2.347277532187295179e-01,3.487672330555074973e-02,5.642869001227338588e-01,2.924732320136971819e-01,2.677002214282939163e-01,2.424680162285814886e-02,1.585300027262854794e-01,1.548835373661556214e-01,3.451658386701694781e-02,2.043713733732540894e-01,2.223243150754642405e-01,3.993819037602414773e-02,3.806038279467235941e-01,3.931307714167146528e-01,1.956524516248393242e-01,3.805166672207732081e-01,7.000940317777573085e-01,8.698390172958604671e-02,4.368604310237497179e-01,2.377737829830967597e-01,5.799161729043220831e-02,5.491349525032395151e-01
8.836917440950941005e-01,5.431758135219743044e-01,6.513368054241107652e-01,4.839885911801050655e-01,8.533914632880130746e-01,8.010750542707235633e-01,7.226014523174667525e-01,9.258115510679749693e-01,6.887786988243010944e-01,5.432422188669615570e-01,9.699469804190197220e-01,5.143462040062020124e-01,4.755989293601211587e-01,8.458689788321109848e-01,8.405501219169912996e-01,6.044992131808604174e-01,8.336805634109667462e-01,4.883218726385640251e-01,7.194094581601623295e-01,4.909154648502606078e-01,8.785966958935463866e-01,6.480080293707671801e-01,7.586875993441851707e-01,9.543357544081126909e-01,9.917004940901229526e-01,9.520324383322800177e-01,9.955899136577408548e-01,7.397280785531513692e-01,4.428056258419285629e-01,7.898311004130350588e-01
7.380082609953607653e-01,3.451140822058157975e-01,4.614874761198948239e-01,4.368514555466613269e-01,7.886274656720938525e-01,5.179587303954916733e-01,4.889184495261328367e-01,7.349098436513481492e-01,5.699389378331828349e-01,3.244882192922989850e-01,9.333813733180933436e-01,4.534525868607661714e-01,4.173973220013630359e-01,5.749206944463097768e-01,6.895080377633342472e-01,4.685048149112230886e-01,5.815737405075367406e-01,4.043680868053432520e-01,5.920109224806426873e-01,2.990114882535230834e-01,7.923665812477367343e-01,5.840117558589100755e-01,6.180803747995350372e-01,8.932576262246973986e-01,9.772904712954202378e-01,8.323840606081623905e-01,9.810580089509677304e-01,6.156708819979905822e-01,2.903784948668660104e-01,7.372123558059823223e-01
8.542792790145095072e-01,4.901223863099291034e-01,6.037875270994714771e-01,4.716081517170446213e-01,8.382436496930876224e-01,7.403459135775349864e-01,6.672155779794711750e-01,8.938723717207127661e-01,6.593506571651027715e-01,4.841237479159398727e-01,9.628956677094867578e-01,4.984004295619971492e-01,4.602590779759139772e-01,7.919204531221354371e-01,8.078973182256365959e-01,5.696473397578508679e-01,7.818927292371969928e-01,4.661209885843666800e-01,6.884262024102673072e-01,4.379463320842820195e-01,8.595994744489149353e-01,6.316882185192224108e-01,7.255081753926719834e-01,9.427038591159156988e-01,9.891892815930990457e-01,9.325170361219943249e-01,9.935340134415052704e-01,7.098640375413766135e-01,4.005329726664955126e-01,7.768668586966872569e-01
4.703665974251026172e-01,1.697727900479165108e-01,2.571304006939198472e-01,3.834683132445084741e-01,6.898099046593239025e-01,1.876848109428272682e-01,2.297512673411757078e-01,3.250921478205653914e-01,4.218980346449653918e-01,1.433237963210137189e-01,8.414508426149966969e-01,3.844403397518750820e-01,3.525679631724326080e-01,2.095804882545647951e-01,4.482077447200190634e-01,3.172459350539542089e-01,2.381203791191819352e-01,3.135636294579785543e-01,4.280138450176504405e-01,1.417382782578172351e-01,6.444535058031730657e-01,5.059889863872980564e-01,4.277177460650593011e-01,7.426325864580313185e-01,9.291656393209459797e-01,4.977077275310523019e-01,9.033101821887155047e-01,4.512077221807282990e-01,1.589924088572590155e-01,6.662756288536937355e-01
1.921084886712825790e-01,6.489558280874772878e-02,1.095023194762028140e-01,3.258486857669006254e-01,5.519497623107125772e-01,3.843261799242352061e-02,7.309808237239474871e-02,6.132245265545273327e-02,2.697255317067739910e-01,4.778990586228419601e-02,6.366596433812352629e-01,3.111057351080244726e-01,2.847748503703880774e-01,3.963910339064687788e-02,2.048911337710365432e-01,1.828142792018402074e-01,5.383605514030708611e-02,2.251670800433386022e-01,2.600062152954391026e-01,5.294253845534557801e-02,4.365605754566205809e-01,4.167867873673795076e-01,2.362959237669194634e-01,4.611365444366978261e-01,7.716639058686156627e-01,1.359801093521175452e-01,5.694121874457864774e-01,2.774382132971092707e-01,7.261227597738766082e-02,5.752009327226620394e-01
8.838376893285485592e-01,5.434649142853926751e-01,6.515901643511389230e-01,4.840564940377642955e-01,8.534711272447983443e-01,8.013763390853245738e-01,7.228888769403376546e-01,9.259593685347011771e-01,6.889360807538632558e-01,5.435643171090287495e-01,9.699817899562512835e-01,5.144335231192095348e-01,4.756831329368117478e-01,8.461302635185313781e-01,8.407159581477607890e-01,6.046876164559868982e-01,8.339350758186350188e-01,4.884437228568421219e-01,7.195739637111779885e-01,4.912073558129284034e-01,8.786944032265286975e-01,6.480965435657780604e-01,7.588616472165116145e-01,9.543928314906079402e-01,9.917125208524396607e-01,9.521229509086758247e-01,9.955991594563657898e-01,7.398861066886683879e-01,4.430401367413130953e-01,7.899005869930431079e-01
1.873859824253695239e-01,6.338348692988302058e-02,1.071718661314757237e-01,3.245586579004456351e-01,5.485420582054705285e-01,3.694928200434653004e-02,7.102444570384858213e-02,5.869569379589984620e-02,2.666098007660928637e-01,4.652872871989965214e-02,6.306628609889184389e-01,3.094882222606720190e-01,2.832904096028646679e-01,3.802098837533914033e-02,2.005653814887455866e-01,1.802824157340985056e-01,5.184873264322421155e-02,2.233328545880802762e-01,2.566297962599095595e-01,5.169060278232570638e-02,4.316934848574903727e-01,4.147486193463691961e-01,2.326058888438506667e-01,4.541038174824548190e-01,7.660454066507980109e-01,1.310189446393117962e-01,5.582038984016811645e-01,2.738940173032903824e-01,7.124057985131049264e-02,5.729877030693969475e-01
7.977033597587362967e-01,4.098131587314659541e-01,5.274264228036972257e-01,4.527462681991203941e-01,8.126696129569432880e-01,6.270856921138283635e-01,5.732812497861691226e-01,8.219563479185568733e-01,6.119328049960264249e-01,3.951107176254182729e-01,9.489574623559319244e-01,4.740306700324700695e-01,4.369532049514449068e-01,6.849805896032995500e-01,7.485483079394033012e-01,5.151039547914031402e-01,6.822364197481285419e-01,4.324546437890972039e-01,6.376682986302371070e-01,3.599683959739614636e-01,8.258064437202252694e-01,6.061464479749792966e-01,6.696344396187379200e-01,9.194369094000048870e-01,9.838283392425067886e-01,8.881798897946892035e-01,9.884141533337330587e-01,6.605114457343888024e-01,3.388253498834916111e-01,7.559578634559064314e-01
7.587664145479805500e-01,3.658318396773054260e-01,4.830717978584713745e-01,4.420504281003910796e-01,7.967508707682435798e-01,5.544615425345097437e-01,5.167462934107081018e-01,7.661846124167027705e-01,5.838508080314355198e-01,3.469553285261742226e-01,9.389219177968783914e-01,4.601857181388409046e-01,4.237838807597767987e-01,6.124528990387243521e-01,7.096965830882897563e-01,4.837629839253195230e-01,6.158121840933939994e-01,4.135177402866967999e-01,6.071998900422953538e-01,3.183537867719245518e-01,8.038261586271828740e-01,5.913114191933712682e-01,6.353463659774142291e-01,9.025765683120622329e-01,9.796777893327657250e-01,8.527849619734249043e-01,9.838711520521985499e-01,6.306347154343320272e-01,3.058127539991692401e-01,7.434594986575343567e-01
8.068782627317667711e-01,4.213351733636444552e-01,5.387349146442059755e-01,4.554906790331352262e-01,8.165855342700315544e-01,6.449154632668606668e-01,5.875039607318243151e-01,8.344320952942251290e-01,6.190087496116715160e-01,4.078115423193502953e-01,9.512631908510376100e-01,4.775807670463927956e-01,4.403382358303586930e-01,7.023298005678982880e-01,7.579162089061959318e-01,5.231146080718834801e-01,6.982240418205878374e-01,4.373346627824367117e-01,6.453010599107098511e-01,3.709963680731712121e-01,8.311087111533922434e-01,6.099125419264056491e-01,6.781430649865679561e-01,9.233021617654817437e-01,9.847488611923308488e-01,8.959544032004673753e-01,9.893569908423386350e-01,6.679665322302503760e-01,3.475483421918652005e-01,7.590890074281302358e-01
4.520966343634608142e-01,1.614416328096304754e-01,2.462549588861520644e-01,3.801470074242834785e-01,6.827133678331914757e-01,1.732121082167706327e-01,2.168783340608683441e-01,3.011237403352066133e-01,4.126576565133608376e-01,1.352704731821970652e-01,8.330257150078712591e-01,3.801680529492804661e-01,3.485898040471194226e-01,1.929039685156929140e-01,4.324209499388112499e-01,3.084777962892314984e-01,2.213064682089016244e-01,3.081568825231055242e-01,4.177189404851606169e-01,1.345430695189670789e-01,6.335139361572880157e-01,5.009679769859027854e-01,4.157166207963581273e-01,7.294573424035147857e-01,9.240199714640078277e-01,4.720689436931993499e-01,8.933531182526914804e-01,4.407100897583767218e-01,1.525249099382417484e-01,6.614406543505220171e-01
5.494367313817152265e-01,2.096210070415614468e-01,3.074821643913429603e-01,3.979114333439898732e-01,7.193746455054838007e-01,2.605825240072557336e-01,2.911906804184661857e-01,4.378883313121905707e-01,4.622929015822481169e-01,1.826882882196012581e-01,8.738804876866119731e-01,4.030601775131137376e-01,3.699515742179405042e-01,2.932009689788682705e-01,5.170786270699458953e-01,3.565025184822760984e-01,3.201417716251703238e-01,3.374499337493809814e-01,4.730128235595188468e-01,1.764949083844500055e-01,6.898134378691688218e-01,5.276133246401509824e-01,4.802710237368217894e-01,7.944834557426210253e-01,9.478602189248431786e-01,6.067228728809116456e-01,9.373211100133304052e-01,4.968553513223937235e-01,1.894425310349507896e-01,6.867176448775045294e-01
7.309775922496151157e-01,3.384624043715457331e-01,4.544585598804216642e-01,4.351547960235780943e-01,7.859208241060654521e-01,5.059645711676930002e-01,4.798276862330414505e-01,7.241245144393794186e-01,5.653657883100311476e-01,3.173092945245420959e-01,9.314710411782379795e-01,4.512550109963348044e-01,4.153153644111775011e-01,5.624381784482394009e-01,6.827431795873354359e-01,4.635280890780223428e-01,5.701904250704007415e-01,4.013909859100046051e-01,5.870055515228973508e-01,2.928363833096416791e-01,7.885148030216966308e-01,5.816172249213945600e-01,6.123681527272953895e-01,8.900449246771583445e-01,9.764521564369237350e-01,8.252422150917331223e-01,9.800379059560725414e-01,6.107295778910953876e-01,2.854338306675845982e-01,7.351489844883695168e-01
1.355216198823394891e-01,4.699609372763529497e-02,8.143198846869571794e-02,3.085830653477544816e-01,5.054476047578913001e-01,2.243582272986886783e-02,4.923472731576911121e-02,3.356899302979677452e-02,2.294635641990849795e-01,3.316103272486909531e-02,5.524354182515003320e-01,2.895719395679021146e-01,2.650462789769953420e-01,2.240967429096699798e-02,1.519998972987366137e-01,1.507791608857460830e-01,3.213735901380734145e-02,2.012001116486359931e-01,2.167070378841317591e-01,3.817520844588012663e-02,3.719531669795373974e-01,3.894125940490215099e-01,1.897028351126261170e-01,3.681706961245004295e-01,6.876003391312949242e-01,8.085170339407325713e-02,4.161228803674731358e-01,2.318405622667311927e-01,5.593801753305773644e-02,5.449621116920728703e-01
7.030188574668869705e-01,3.136255955671609641e-01,4.277699728112798749e-01,4.286809633988190593e-01,7.753387275593985883e-01,4.601544293207492364e-01,4.452385205813849112e-01,6.804789622273357264e-01,5.477814276897650103e-01,2.906676410722123238e-01,9.236890376821699222e-01,4.428695540560336208e-01,4.073822403490911515e-01,5.141072060402932520e-01,6.561718328452506022e-01,4.445720530738954124e-01,5.260742399091555832e-01,3.900749810291801456e-01,5.677067280832160945e-01,2.699279576002221459e-01,7.733056234129734863e-01,5.724257468884051958e-01,5.902502184541064123e-01,8.769677328983230824e-01,9.729590150580388341e-01,7.957209634795533448e-01,9.756171338975105911e-01,5.916309822878529356e-01,2.669998513574285415e-01,7.271635110881699005e-01
7.836154739814950032e-01,3.930376697245654416e-01,5.107353600842833297e-01,4.487124977299178918e-01,8.067899240110486536e-01,6.002168643808281079e-01,5.521335021609132809e-01,8.022744542772377585e-01,6.014332628837915085e-01,3.766775017605307196e-01,9.453756461611828588e-01,4.688107524787185620e-01,4.319820968000734340e-01,6.584902748947027984e-01,7.343299954452434664e-01,5.033014690043023931e-01,6.579119314450034839e-01,4.252965998457194918e-01,6.263084305994187639e-01,3.440061616868231309e-01,8.177653144386092254e-01,6.005808665284849690e-01,6.569086414076397151e-01,9.134246650664840095e-01,9.823733947721573490e-01,8.758169244230076256e-01,9.868745820044736439e-01,6.493941162611081008e-01,3.261853670073358025e-01,7.512997726594174974e-01
6.949660130277963699e-01,3.069083830638564825e-01,4.204280830630930388e-01,4.268879665701799664e-01,7.723359633258581880e-01,4.475226603520283120e-01,4.357151565503328827e-01,6.677312433907323097e-01,5.428766206662108962e-01,2.835099725655726433e-01,9.213889304273465974e-01,4.405471983943844982e-01,4.051882523811656256e-01,5.006037380081851396e-01,6.486093447646298360e-01,4.393357160186063814e-01,5.137242828497340374e-01,3.869538210806045542e-01,5.623098334496868800e-01,2.637723837934635163e-01,7.689487872739496632e-01,5.698648970965162208e-01,5.840404855950710461e-01,8.731074215802346883e-01,9.719030253474305603e-01,7.868962446081155804e-01,9.742290676848216480e-01,5.862768251017045351e-01,2.620186801569460711e-01,7.249201527785538168e-01
9.247631869002700400e-01,6.382158917407222409e-01,7.315923115318563319e-01,5.069966045599322291e-01,8.783699138014222640e-01,8.842728720104020557e-01,8.089261582386988447e-01,9.627948459999894348e-01,7.394341644206152697e-01,6.486103141210708412e-01,9.797436349264684319e-01,5.438262645503846304e-01,5.041567801371256152e-01,9.154118348782640524e-01,8.890863886684592376e-01,6.662073977981716189e-01,9.032438730705896202e-01,5.295633708238807191e-01,7.716247738824213442e-01,5.888216436391722208e-01,9.080004909289852710e-01,6.773655883608785677e-01,8.126695808578533464e-01,9.702121160297750846e-01,9.949248898277806008e-01,9.749068682988104584e-01,9.978349931716868904e-01,7.895996902127969674e-01,5.229866633899340478e-01,8.123958358578312611e-01
8.292666167088712514e-01,4.517013363602627729e-01,5.679566313220917317e-01,4.626467483310954254e-01,8.264804772546996414e-01,6.893906095197891437e-01,6.237948053013556704e-01,8.636197596382946262e-01,6.371859656387446336e-01,4.414142569661483329e-01,9.568100837197923703e-01,4.868315183646081401e-01,4.491748722270035854e-01,7.447837009391827801e-01,7.811691095163620924e-01,5.439007081870464999e-01,7.375991056453627959e-01,4.500922206642767875e-01,6.648182627198179206e-01,4.003148386120980451e-01,8.443069637313544984e-01,6.196535733053133432e-01,6.997353458929523873e-01,9.325783278472575821e-01,9.869098769784336866e-01,9.139876812783798155e-01,9.914698517290708724e-01,6.869754006187690498e-01,3.707277594172718738e-01,7.671101467935244056e-01
9.391492341729655857e-01,6.801207826858386429e-01,7.652194736034190203e-01,5.178809827238395336e-01,8.888583880196164744e-01,9.118675937524453046e-01,8.419598813820626804e-01,9.733655753734029581e-01,7.614577752764443153e-01,6.944378879477345334e-01,9.832139018547793041e-01,5.576842312262269008e-01,5.176739864340305086e-01,9.371993726079465015e-01,9.071896187980529325e-01,6.936761844649718123e-01,9.260883406431766884e-01,5.489755961987923261e-01,7.938213734498927865e-01,6.332630121257775135e-01,9.195532134383322953e-01,6.908029596540450346e-01,8.347699721351313773e-01,9.757171891020715027e-01,9.959807254573445068e-01,9.816142619547055803e-01,9.984546219479537577e-01,8.106225439390841725e-01,5.607739483210595344e-01,8.224062591997105542e-01
3.848808327817575536e-01,1.330282456106428035e-01,2.081708570752099086e-01,3.677520462886936237e-01,6.552603984151407213e-01,1.265918798716319793e-01,1.731759583821459725e-01,2.207248740359293027e-01,3.784842785850591751e-01,1.083264524353072383e-01,7.981127147519911924e-01,3.642626273814078552e-01,3.338124666062949331e-01,1.392172805498542720e-01,3.744796209606178206e-01,2.767336439091838129e-01,1.657920583335350806e-01,2.882867875994710727e-01,3.796866170091950377e-01,1.101881637927067947e-01,5.911860168039889674e-01,4.820815623480992906e-01,3.715524941536583192e-01,6.762644691917666373e-01,9.014549512405591880e-01,3.779702861276609260e-01,8.474760731446250306e-01,4.017554262175525026e-01,1.301059114030451991e-01,6.429501630936446110e-01
5.381294374510726675e-01,2.034949840926193743e-01,2.999123473058782352e-01,3.958235091830517027e-01,7.152314497036766916e-01,2.490595075863858976e-01,2.817847234699308867e-01,4.209572603395326795e-01,4.564424567940777444e-01,1.765516084011426179e-01,8.695947935776704441e-01,4.003648057270280947e-01,3.674304672173513975e-01,2.800468836451454058e-01,5.071563631361120095e-01,3.507234186616482452e-01,3.074548607200561778e-01,3.339609218034542137e-01,4.664992934184408746e-01,1.711146828684345089e-01,6.834882026645464626e-01,5.245091413699064509e-01,4.726613367669505461e-01,7.875334371363742481e-01,9.454924037511205359e-01,5.914378565007756272e-01,9.332283758769951421e-01,4.902719891934941288e-01,1.848046471214751796e-01,6.838208711647016935e-01
7.665706109830955350e-01,3.740739781062769054e-01,4.915323697959665394e-01,4.440866082132792769e-01,7.998630053990634092e-01,5.685965652743530940e-01,5.276075396568156162e-01,7.776920743247180967e-01,5.892551237667617015e-01,3.559352458876819947e-01,9.409686850553496962e-01,4.628222833727184682e-01,4.262879151578991554e-01,6.267970929798131197e-01,7.173753828393326648e-01,4.897383338141526599e-01,6.289121580493697294e-01,4.171116782838767967e-01,6.130841591545067581e-01,3.260948483786232921e-01,8.081745785586370578e-01,5.941546629592170392e-01,6.420060465840703445e-01,9.060183840282188816e-01,9.805427909329035296e-01,8.601841949750103078e-01,9.848555721611880198e-01,6.364193137020837110e-01,3.119703821115398790e-01,7.458753458751191667e-01
5.756963190513387785e-01,2.244921242884273249e-01,3.256143843975124463e-01,4.028151407385058835e-01,7.289314346463398042e-01,2.888814896965692935e-01,3.139215076908918878e-01,4.780375601750703196e-01,4.760307146286467117e-01,1.977032290287900340e-01,8.834461888003541929e-01,4.093945880804148452e-01,3.758828410456480640e-01,3.253655636175148969e-01,5.402472769478344761e-01,3.701975432066132998e-01,3.508882970973017934e-01,3.456892022596378955e-01,4.882975969334668043e-01,1.896118277736200675e-01,7.043479176702172051e-01,5.348735894636502675e-01,4.981202113806856291e-01,8.100939182053256138e-01,9.530298787724532650e-01,6.416641633056869853e-01,9.460056101489180413e-01,5.122718042908881442e-01,2.006504641527484256e-01,6.934440202874003756e-01
9.105236430007421777e-01,6.017475618798382442e-01,7.014883153896942503e-01,4.979618868295486722e-01,8.690320678431462387e-01,8.559524548635994989e-01,7.777124940523055807e-01,9.510636547429304199e-01,7.201941469424503195e-01,6.083488239741858816e-01,9.763394132831529904e-01,5.322775940954875828e-01,4.929379908959560241e-01,8.923525519896865488e-01,8.717922933022149712e-01,6.425211083659648770e-01,8.797071157697502475e-01,5.133890532898729431e-01,7.519728495044627481e-01,5.507864249242201415e-01,8.973072896797045228e-01,6.659904001402104923e-01,7.926630800273902766e-01,9.647435210875866529e-01,9.938427398910590904e-01,9.675809010311680058e-01,9.971368324186351551e-01,7.708979998640174136e-01,4.914198791677135691e-01,8.037666703712333938e-01
8.579709539636229954e-01,4.962662573638895736e-01,6.094049456947338017e-01,4.730377206062035822e-01,8.400571364440033717e-01,7.479438471668600208e-01,6.739000994370175635e-01,8.981068265483902469e-01,6.628213571819531191e-01,4.909660676537138113e-01,9.637858019450477043e-01,5.002440617844287063e-01,4.620289332180015918e-01,7.988060953015472254e-01,8.119177084299086244e-01,5.737183811146776558e-01,7.884283160193609197e-01,4.686820281547895428e-01,6.921025642384434073e-01,4.440202241604312428e-01,8.619163729914286476e-01,6.335909570569548954e-01,7.294849991632732511e-01,9.441790197572186294e-01,9.895142414633134598e-01,9.351034799689516008e-01,9.938135223238142579e-01,7.134180352936139169e-01,4.053566917402888214e-01,7.783940890230283127e-01
4.192809527933081815e-01,1.471611344707188518e-01,2.273116895099195067e-01,3.741446651418761649e-01,6.696086657977555756e-01,1.492088971312456880e-01,1.948568851144741321e-01,2.603025377568688459e-01,3.960385947867340883e-01,1.216235789140612394e-01,8.168175865376020583e-01,3.724577084652895276e-01,3.414198828376273642e-01,1.652422589938260244e-01,4.041225772444443365e-01,2.929060093670107223e-01,1.929924742402754356e-01,2.984726886644865074e-01,3.992123480013563541e-01,1.222667919919273039e-01,6.132994471886084042e-01,4.918505852919817234e-01,3.941863968624048087e-01,7.044766391612321543e-01,9.137917872514191853e-01,4.259778262278280936e-01,8.729554510894521613e-01,4.217886471294294282e-01,1.413337955503947974e-01,6.525746492856331349e-01
7.339253049310774379e-01,3.412299775352442555e-01,4.573890503487347270e-01,4.358624769326580606e-01,7.870531173492195665e-01,5.109702819978876320e-01,4.836191654180939103e-01,7.286571453553233324e-01,5.672751509355735688e-01,3.202941057984785567e-01,9.322741445379110203e-01,4.521716353382315146e-01,4.161836147805976216e-01,5.676565664814245959e-01,6.855751564230543327e-01,4.656036027686739631e-01,5.749494086314882457e-01,4.026321912557795368e-01,5.890960920322330097e-01,2.954036120556423062e-01,7.901281285367963703e-01,5.826167214933558602e-01,6.147552056422728173e-01,8.913954752889462485e-01,9.768055199453247184e-01,8.282506190245236821e-01,9.804698875403896619e-01,6.127939694559471073e-01,2.874906411459904332e-01,7.360111022184058216e-01
5.857564748739294558e-01,2.304465171457712735e-01,3.327803224090433165e-01,4.047187370817296737e-01,7.325756568551035075e-01,3.003135355507146054e-01,3.229749205829396397e-01,4.936855723242305483e-01,4.813597629277602263e-01,2.037601519898182834e-01,8.869768649943730043e-01,4.118549676819299732e-01,3.781890794191995475e-01,3.382962333985851666e-01,5.491752507603709921e-01,3.755571249278873425e-01,3.631493183128632896e-01,3.489041349139255233e-01,4.942220493168674178e-01,1.948862608394452967e-01,7.098671494901277468e-01,5.376803690925965329e-01,5.050337223557042066e-01,8.158881964950840393e-01,9.548972969024156487e-01,6.548188128562881793e-01,9.490528167013388972e-01,5.182351212025999576e-01,2.051205311119428942e-01,6.960261738364178496e-01
8.013286012670655101e-01,4.143067750930491955e-01,5.318515988705164732e-01,4.538188929622035128e-01,8.142081940197988255e-01,6.341007424680739080e-01,5.788575804126101509e-01,8.269194607786535256e-01,6.147050284663801989e-01,4.000604221128298277e-01,9.498709514798914233e-01,4.754183266001887898e-01,4.382759386085157693e-01,6.918286571792540141e-01,7.522392522783357682e-01,5.182369591752593596e-01,6.885410136460921038e-01,4.343610343646551186e-01,6.406609309019850595e-01,3.642630603493437480e-01,8.278949008951514976e-01,6.076203726565556629e-01,6.729746033611312406e-01,9.209687932466453786e-01,9.841945600822951112e-01,8.912781422804312292e-01,9.887922135557402070e-01,6.634358272707197024e-01,3.422230736534045969e-01,7.571852909849144941e-01
6.191498179994247009e-01,2.513556559134939028e-01,3.575341993328943757e-01,4.111660476865153235e-01,7.446462006418493873e-01,3.407237867080702975e-01,3.545027030599117723e-01,5.464244296962605940e-01,4.993745413444824477e-01,2.252203083507142711e-01,8.982141059147912276e-01,4.201929725331740584e-01,3.860150500327180212e-01,3.836716807807216689e-01,5.790501019983630426e-01,3.938703318562605249e-01,4.057909835746045246e-01,3.598581355216670663e-01,5.142248725123542696e-01,2.135098498285339930e-01,7.280412070879572761e-01,5.471372268937402250e-01,5.283436484186377902e-01,8.344366818238270200e-01,9.606921651163249365e-01,6.974243512972949643e-01,9.581792496405711068e-01,5.383186979869091227e-01,2.207539908703839149e-01,7.046519453528888866e-01
5.663280292456703835e-01,2.190787813214277457e-01,3.190532793536408618e-01,4.010557420958267838e-01,7.255306132806389474e-01,2.785335122155563337e-01,3.056656834531009115e-01,4.635911177859816656e-01,4.711028847985960222e-01,1.922186513778355310e-01,8.800931936084616103e-01,4.071212498812519232e-01,3.737531469365921732e-01,3.136287277969585507e-01,5.319601707871760565e-01,3.652649289550199407e-01,3.397116483286044542e-01,3.427259112725166701e-01,4.828167094940897242e-01,1.848278006305272558e-01,6.991853327988327704e-01,5.322736102547767079e-01,4.917215240141747934e-01,8.046071391395459571e-01,9.512360432228589291e-01,6.292944463874812211e-01,9.430326085928131263e-01,5.067488988905167746e-01,1.965782732527278920e-01,6.910430649995554786e-01
8.043761963198579057e-01,4.181436236793318884e-01,5.356149629751811858e-01,4.547323879521977807e-01,8.155103318561762737e-01,6.400284870226159439e-01,5.835891286030295833e-01,8.310579578403763934e-01,6.170592585226732929e-01,4.042904308841749894e-01,9.506364073074947685e-01,4.765999790025134963e-01,4.394027127406444078e-01,6.975929973751699986e-01,7.553526953427502910e-01,5.209030568933928906e-01,6.938538836954946110e-01,4.359855340386026845e-01,6.432000601931902040e-01,3.679363809081211412e-01,8.296571935586037894e-01,6.088736249927915178e-01,6.758044431404691688e-01,9.222518970040236574e-01,9.844998946653783500e-01,8.938561258571390278e-01,9.891044369063398678e-01,6.659156211350431009e-01,3.451284793871975398e-01,7.582269257281077923e-01
6.271268404613200564e-01,2.566341212283794748e-01,3.636854699193425855e-01,4.127408373565344402e-01,7.475308466601483515e-01,3.509559848995108533e-01,3.623890295216507518e-01,5.591560428913552316e-01,5.037635899906703907e-01,2.306826044430883293e-01,9.007963836128759505e-01,4.222305778916786712e-01,3.879299818092425411e-01,3.950718410647360845e-01,5.862470127723240498e-01,3.983777499929370136e-01,4.164220266100919221e-01,3.625484624987886373e-01,5.190915738647433608e-01,2.182365932872025460e-01,7.323574561491977830e-01,5.494353113378066533e-01,5.340053639502929661e-01,8.387202848226319452e-01,9.619913771545495207e-01,7.073388981948228738e-01,9.601529242950562759e-01,5.431932326226668328e-01,2.246878609373774982e-01,7.067308700152137302e-01
4.312629020955510706e-01,1.522790569041288788e-01,2.341454536222356275e-01,3.763441521308683035e-01,6.744523387564935746e-01,1.576868079910954956e-01,2.027395672470054533e-01,2.748674553714027802e-01,4.021149227194659170e-01,1.264908823162768925e-01,8.229062807645393107e-01,3.752814097625266632e-01,3.440442484851842231e-01,1.750104001588685676e-01,4.144494052892178648e-01,2.985699500690703334e-01,2.030558116831153170e-01,3.020081105679642830e-01,4.059769840869438262e-01,1.266581548666087798e-01,6.207711948486160924e-01,4.951978995372051107e-01,4.020487259930524693e-01,7.138035274486741466e-01,9.176846191313651202e-01,4.427951419933312538e-01,8.808062428183163206e-01,4.287124134634377470e-01,1.453609260365154865e-01,6.558426726654444927e-01
9.480749729646655855e-01,7.093380670427775758e-01,7.881017755169461569e-01,5.259069339762021400e-01,8.960865517214504639e-01,9.282730619354954138e-01,8.632532936761876385e-01,9.792328756044308413e-01,7.768770560128313019e-01,7.260218797693392956e-01,9.853943209805662296e-01,5.678598563654208009e-01,5.276386601679848853e-01,9.497979705366642600e-01,9.188065215018837995e-01,7.131228465158122587e-01,9.396524238584186284e-01,5.632164518946927156e-01,8.091577274106152018e-01,6.647234033935814912e-01,9.272167164860811717e-01,7.005227826527011814e-01,8.497082326890872395e-01,9.791319365381747630e-01,9.966170632311809330e-01,9.854042228712285301e-01,9.987953124654517234e-01,8.250847794555050685e-01,5.882523470800973264e-01,8.295250319495985902e-01
2.410310606547728107e-01,8.086905494733155619e-02,1.337040968203480618e-01,3.381271216210136599e-01,5.837653307382628665e-01,5.549296575932004261e-02,9.552739861849429692e-02,9.198405030462046550e-02,3.001720284269905892e-01,6.136428755169463789e-02,6.908766275668877244e-01,3.265641656246142666e-01,2.989834023131592300e-01,5.846540221318775876e-02,2.490080493492348446e-01,2.080203035715261772e-01,7.639017410247832263e-02,2.429649244944905306e-01,2.931896303147679683e-01,6.621719948623995544e-02,4.828765323169404433e-01,4.361147471543433962e-01,2.730015941605493102e-01,5.277507817991823336e-01,8.198778910663402364e-01,1.907587280310570621e-01,6.701237576758903858e-01,3.121648593791961912e-01,8.677339012257298534e-02,5.958880082201053474e-01
8.954613393388362041e-01,5.674559475925049501e-01,6.724092697047384659e-01,4.897217656549903708e-01,8.599900771488803164e-01,8.253033164294345525e-01,7.462043758064709209e-01,9.373726541360383191e-01,7.019065724222258718e-01,5.702753396382668205e-01,9.727514403288077816e-01,5.217127629433382374e-01,4.827105421176009492e-01,8.666705241892267431e-01,8.540604350280754931e-01,6.202871453365428334e-01,8.540798041095233328e-01,4.986100814411619786e-01,7.330852129528681038e-01,5.155543940873090758e-01,8.866079696624441508e-01,6.554427942182534661e-01,7.730752889783618631e-01,9.589211020296793953e-01,9.926570772727956182e-01,9.591255685616185689e-01,9.963060825037738377e-01,7.528459228081867405e-01,4.626789826586718557e-01,7.956367677616821288e-01
8.819614548757047645e-01,5.397699477031889792e-01,6.483474776139458440e-01,4.831891814184697265e-01,8.524508398032369927e-01,7.975020416950033830e-01,7.192036828363851386e-01,9.240507026072507513e-01,6.869224865463655627e-01,5.394473447408106859e-01,9.695341977961060564e-01,5.133180872418909857e-01,4.746076634165881103e-01,8.427654050870669877e-01,8.385871162247484634e-01,6.022787256777363263e-01,8.306605486686355899e-01,4.868873762863706323e-01,7.174682316245797331e-01,4.874794034736066317e-01,8.774412302715536294e-01,6.469651433931212781e-01,7.566320092343749026e-01,9.536586233219725983e-01,9.915575888798887627e-01,9.509545000703565343e-01,9.954795931441590140e-01,7.378628592526150776e-01,4.400465541725136487e-01,7.890117314050288932e-01
6.562594722724270913e-01,2.769618331154794499e-01,3.870215835541245819e-01,4.186328022594502096e-01,7.581031766602680522e-01,3.902983322108795616e-01,3.924474630639799289e-01,6.058560301469153586e-01,5.201310540331716137e-01,2.518749031797254401e-01,9.099240131935302234e-01,4.298568980689742025e-01,3.951058566071302680e-01,4.385345615600225178e-01,6.127566966241723145e-01,4.153444188945800697e-01,4.567060328681133985e-01,3.726626840815872033e-01,5.372126532716019476e-01,2.365353745082972581e-01,7.480751280686194216e-01,5.579913877564319780e-01,5.550436800541600491e-01,8.539172974262817517e-01,9.664844714343087118e-01,7.425930133414296863e-01,9.667575244204520413e-01,5.613026429272826023e-01,2.398036510265158516e-01,7.144123140248818116e-01
5.308713257049858525e-01,1.996447932714628115e-01,2.951239724674299958e-01,3.944892128467633041e-01,7.125605515279364033e-01,2.418657982881076418e-01,2.758627403410786050e-01,4.102154765561019101e-01,4.527043382705192021e-01,1.727097936425506797e-01,8.667874180547395779e-01,3.986429029415450853e-01,3.658207333737721889e-01,2.718201171645338587e-01,5.008026128676645872e-01,3.470474892063978856e-01,2.994837751369525125e-01,3.317374076761259172e-01,4.623364480184266601e-01,1.677401203566600552e-01,6.794039129634007468e-01,5.225214393748578434e-01,4.677975349084095846e-01,7.829961309979494022e-01,9.439241830742052253e-01,5.815597140133949017e-01,9.304801587168519683e-01,4.860602317379754678e-01,1.818827421165421510e-01,6.819593867817659305e-01
7.328071472230127670e-01,3.401765837552548355e-01,4.562746518848887489e-01,4.355934177375312966e-01,7.866231861182991780e-01,5.090675420715938815e-01,4.821775707187794247e-01,7.269395609968505312e-01,5.665495299173899379e-01,3.191576648243460990e-01,9.319698744913680333e-01,4.518231376805850741e-01,4.158534836991476524e-01,5.656744751659472659e-01,6.845001783184369026e-01,4.648144421409070581e-01,5.731418449537769577e-01,4.021601932609606411e-01,5.883017377999877340e-01,2.944261282850375028e-01,7.895158822756160877e-01,5.822368376370103960e-01,6.138483997258862290e-01,8.908837818286448051e-01,9.766718012075848998e-01,8.271118241508181868e-01,9.803067578344596411e-01,6.120096540773748428e-01,2.867076937005719750e-01,7.356835762167022175e-01
3.815211168651982399e-01,1.316895227148546510e-01,2.063366378685494718e-01,3.671197846088915528e-01,6.538195953296904728e-01,1.245139403736777450e-01,1.711307392233721858e-01,2.170401622481688275e-01,3.767576631820802047e-01,1.070782558354298891e-01,7.961796627528249237e-01,3.634530953553876675e-01,3.330617145795573553e-01,1.368301246287378647e-01,3.715830559842077108e-01,2.751582313126507695e-01,1.632661451185431212e-01,2.872867405959149134e-01,3.777677880049161718e-01,1.090476697900154140e-01,5.889683979690987226e-01,4.811121803825599841e-01,3.693337484050071562e-01,6.733872860640628399e-01,9.001476472931444484e-01,3.733152614873478936e-01,8.447298665683373731e-01,3.997828794023183807e-01,1.290334691017486213e-01,6.419880288790446032e-01
7.376543919069420419e-01,3.447750831963393159e-01,4.611304344151641588e-01,4.367653307230909276e-01,7.884907353729039281e-01,5.173505256191059942e-01,4.884569547857394167e-01,7.343691327600876395e-01,5.697071756030780421e-01,3.241219275281778112e-01,9.332856451322693037e-01,4.533410369431180587e-01,4.172916114049708414e-01,5.742894853574552760e-01,6.891666994991513251e-01,4.682521353686526777e-01,5.809981292842899547e-01,4.042168564341941384e-01,5.917573987060211760e-01,2.986963679558300999e-01,7.921723941291919369e-01,5.838903512810792451e-01,6.177913054311779950e-01,8.930966231765566921e-01,9.772486459279429161e-01,8.320273663289603494e-01,9.810075024317137515e-01,6.154207237000656194e-01,2.901263855864327224e-01,7.371079094019287181e-01
7.929040189855121046e-01,4.039783139450893734e-01,5.216517817815330416e-01,4.513487490556764015e-01,8.106493606808987673e-01,6.178609661073301007e-01,5.659845805676472219e-01,8.153204159029967535e-01,6.083082975926370484e-01,3.886910020857999859e-01,9.477430581876752358e-01,4.722224483778745263e-01,4.352303539185434222e-01,6.759322257459866590e-01,7.436825999666908382e-01,5.110183004959177877e-01,6.739171568755015773e-01,4.299726491325798761e-01,6.337513160240828558e-01,3.544038208368598397e-01,8.230541599885000670e-01,6.042222690640661753e-01,6.652547148723880754e-01,9.173994198860576654e-01,9.833384128379756284e-01,8.840256380192927921e-01,9.879023714000521039e-01,6.566810473425955808e-01,3.344212345971955824e-01,7.543516001330794474e-01
1.099678091270345631e-01,3.898550956171348281e-02,6.849580743337009558e-02,2.989479604489960751e-01,4.787803018839139613e-01,1.644089594627520801e-02,3.912714622929903963e-02,2.363816525727792731e-02,2.084345042167595752e-01,2.685208390771709128e-02,5.025742808595820010e-01,2.776715608558134596e-01,2.541731802977639787e-01,1.611655239849747387e-02,1.271460811003576885e-01,1.346371573322413251e-01,2.382644979825400758e-02,1.883864743395878838e-01,1.944192201079985860e-01,3.160397919971614372e-02,3.368420774835096387e-01,3.740658342141740533e-01,1.664103483242567183e-01,3.187164003359803655e-01,6.327169660528938477e-01,5.934221472027682159e-02,3.335996589679761093e-01,2.082484509664377925e-01,4.809845138256312047e-02,5.275176967927914795e-01
6.715380652381444104e-01,2.883478992976116762e-01,3.998558804986638848e-01,4.218256985606680942e-01,7.636878974960313871e-01,4.122006838373473148e-01,4.090488511411090045e-01,6.303584389741442306e-01,5.289577676669497963e-01,2.638477219902493620e-01,9.145342298625486199e-01,4.339911068960204954e-01,3.990016857931643068e-01,4.624594106564427487e-01,6.268158403789878541e-01,4.245975403066877263e-01,4.787423709127914262e-01,3.781742095691214001e-01,5.469647656116012335e-01,2.468518150386969923e-01,7.563074749535972918e-01,5.625998031894489104e-01,5.663327859027424971e-01,8.616221831847414858e-01,9.686939911283576343e-01,7.604430815283195200e-01,9.698724941216990691e-01,5.710217418673696477e-01,2.482541886025915745e-01,7.185115401094753773e-01
8.497386938897686370e-01,4.827443629634131095e-01,5.970016806371244433e-01,4.698910792955937610e-01,8.360427599325108705e-01,7.310222116018187943e-01,6.590940955804193147e-01,8.885800398131813438e-01,6.551577653618578800e-01,4.759104909871021971e-01,9.617982953016613878e-01,4.961852859202686150e-01,4.581338473558429492e-01,7.834193068779315983e-01,8.029804265206343938e-01,5.647433667390326928e-01,7.738490667230510933e-01,4.630461585816675329e-01,6.839773080532515204e-01,4.306729645083761104e-01,8.567726956092711621e-01,6.293965661671316880e-01,7.206820707014004457e-01,9.408829703656689247e-01,9.887856318734201677e-01,9.292829438969202327e-01,9.931815332192185375e-01,7.055594807115667111e-01,3.947625328637370812e-01,7.750219215258018490e-01
1.546877067421908725e-01,5.301605028228229682e-02,9.099459909739847363e-02,3.149350188860478572e-01,5.227684815542271712e-01,2.742684757220896496e-02,5.708216458325922338e-02,4.206923960833773568e-02,2.439046828380716514e-01,3.800451051080662446e-02,5.843397826013929652e-01,2.974644043496958434e-01,2.722688127639317779e-01,2.772700600010864769e-02,1.701992542881622938e-01,1.620992398538918244e-01,3.897481667194233751e-02,2.098696594862531351e-01,2.321503443073289763e-01,4.312890034031425374e-02,3.955430016716940389e-01,3.995055685445930704e-01,2.061314019508928563e-01,4.019426757259939031e-01,7.207416984808129312e-01,9.842711176877624868e-02,4.727318748232044454e-01,2.481398857841319028e-01,6.166096183161334093e-02,5.562410411051040837e-01
6.663918738458040059e-01,2.844529249594455189e-01,3.954841675494897291e-01,4.207414428626312652e-01,7.618027538847362834e-01,4.047243792659409589e-01,4.033898386664945268e-01,6.221115980065624607e-01,5.259641757826090114e-01,2.597441163536249875e-01,9.129942436587461518e-01,4.325871039280590469e-01,3.976781762239109952e-01,4.543154920802519592e-01,6.220675265606321336e-01,4.214512250968540652e-01,4.712507343205006860e-01,3.763002631722268676e-01,5.436590474634144243e-01,2.433173173802667122e-01,7.535343996904184660e-01,5.610371080273399702e-01,5.625089380088793556e-01,8.590465208971806987e-01,9.679604618423163220e-01,7.544820469187015766e-01,9.688484983318627064e-01,5.677293153180134055e-01,2.453642942253481674e-01,7.171244848444566777e-01
3.185249248685309009e-01,1.077773014867746959e-01,1.729210631741555093e-01,3.548720833598422164e-01,6.251567150254397909e-01,8.949576988527320476e-02,1.349646910800998412e-01,1.539851668235101834e-01,3.437256782791677234e-01,8.514074486399095254e-02,7.556992083026208284e-01,3.478108325882346419e-01,3.185802826164011448e-01,9.677942135310856064e-02,3.170895419237932944e-01,2.455445191774540958e-01,1.199592970446897444e-01,2.681878627958261818e-01,3.411402668137054617e-01,8.878213070447718569e-02,5.450640062767811989e-01,4.622277397757467710e-01,3.272212203842957412e-01,6.148178312233416598e-01,8.713887134417900304e-01,2.879328285940044307e-01,7.828191687178077673e-01,3.619991723501577718e-01,1.095696428605994199e-01,6.229864242581650835e-01
6.527405906249905687e-01,2.744134956439845396e-01,3.841261870692413427e-01,4.179081920688898499e-01,7.568216552103415040e-01,3.853789656092367344e-01,3.887079300459337361e-01,6.002080933442401900e-01,5.181233303781040966e-01,2.492050333276712160e-01,9.088456017335775350e-01,4.289187869984206203e-01,3.942224087530827314e-01,4.331334892101023626e-01,6.095345970923773393e-01,4.132498041915788622e-01,4.517189583254779262e-01,3.714147949830702844e-01,5.349923480996965353e-01,2.342330221638972143e-01,7.461789133488606618e-01,5.569427539904558966e-01,5.524699851056081856e-01,8.521176130403838034e-01,9.659617729958287491e-01,7.384177607431536838e-01,9.660074538227610974e-01,5.590872355984600750e-01,2.379110591971651811e-01,7.134758302207040437e-01
8.683606001423422871e-01,5.143048801592153829e-01,6.257266258079615673e-01,4.772375479290558720e-01,8.452866393187830063e-01,7.693868504350789284e-01,6.931152329529699507e-01,9.096846642645753933e-01,6.729097364961329486e-01,5.110658087957323792e-01,9.662820888947278863e-01,5.056569272632003287e-01,4.672307756405975065e-01,8.180321137442047030e-01,8.233475419842180010e-01,5.856118341949010375e-01,8.067833296683635247e-01,4.762105381206230281e-01,7.027557577045345782e-01,4.619440565021338818e-01,8.685339251458211729e-01,6.391533805252489486e-01,7.409497177431908499e-01,9.483062503266150856e-01,9.904135370803949234e-01,9.421734748056787012e-01,9.945666706417142233e-01,7.237008141372632819e-01,4.196223337218902838e-01,7.828348877799002903e-01
7.750747499072416780e-01,3.833636083226328317e-01,5.009844835391569218e-01,4.463623112340341370e-01,8.032954628296310462e-01,5.842469404159348345e-01,5.397033283870318332e-01,7.900558757459337222e-01,5.952638732654924603e-01,3.660825999265280295e-01,9.431779512655209530e-01,4.657685766034952990e-01,4.290882472180487794e-01,6.425525285335517145e-01,7.258020203675155102e-01,4.964134638079286677e-01,6.433173116582898698e-01,4.211348839423332824e-01,6.196153456152473371e-01,3.348513956786102197e-01,8.129424738071110434e-01,5.973218189870492800e-01,6.493775480601096106e-01,9.097321971337175572e-01,9.814659930163410761e-01,8.680750670228533084e-01,9.858849119351252854e-01,6.428317045338102220e-01,3.189249263411966240e-01,7.485549635282103820e-01
8.636616315137384259e-01,5.060051087542819515e-01,6.182482273564234854e-01,4.753043086144647100e-01,8.428975272613056235e-01,7.596801161226440779e-01,6.843501512731005043e-01,9.045112606252312393e-01,6.682861080754040062e-01,5.018162176218194936e-01,9.651545951436222293e-01,5.031659592639650125e-01,4.648358806239192287e-01,8.093671020587450693e-01,8.181565616990775780e-01,5.801498581167007229e-01,7.984905696752401250e-01,4.727442898978970187e-01,6.978794422799752262e-01,4.536802526360619869e-01,8.655225283943435155e-01,6.365980283048768840e-01,7.357130089104982895e-01,9.464439626133808181e-01,9.900095732344247335e-01,9.390143302971019068e-01,9.942321123864558130e-01,7.189969753436664668e-01,4.130389170191227088e-01,7.807992145784655724e-01
1.103743003637548958e-01,3.911311171001405351e-02,6.870388212193338784e-02,2.991142898862582666e-01,4.792441634918134241e-01,1.653041393529306596e-02,3.928483620990592257e-02,2.378369546815131338e-02,2.087883027848684014e-01,2.695126551696788719e-02,5.034460317543466568e-01,2.778762317230665246e-01,2.543600150593152698e-01,1.620962688789464451e-02,1.275475634354360233e-01,1.349053651979300050e-01,2.395144404160576279e-02,1.886041824730439187e-01,1.947920710475964101e-01,3.170846806749319513e-02,3.374397352991753696e-01,3.743310660168725490e-01,1.667956756572128441e-01,3.195474714022679685e-01,6.337081499136600904e-01,5.966622951563203131e-02,3.349687647706128812e-01,2.086437783773284205e-01,4.822561106800067610e-02,5.278222205237141917e-01
4.318117245174853402e-01,1.525160567152988311e-01,2.344606846393758603e-01,3.764446463642358021e-01,6.746724986212196962e-01,1.580828763767923584e-01,2.031048979367731100e-01,2.755440577750503106e-01,4.023929448208498627e-01,1.267169236254316600e-01,8.231803068237339982e-01,3.754104712618822615e-01,3.441642380897234066e-01,1.754668323488797754e-01,4.149225338823498421e-01,2.988299159645098069e-01,2.035242418984649082e-01,3.021700125115533986e-01,4.062865565773183807e-01,1.268617330929959486e-01,6.211108288238215147e-01,4.953506639471366158e-01,4.024087548383129542e-01,7.142249233803480424e-01,9.178583916884567317e-01,4.435660280843027881e-01,8.811543007977605813e-01,4.290290620408510058e-01,1.455469533722848763e-01,6.559914577043716166e-01
8.096880390132064065e-01,4.249649149370278156e-01,5.422717570205762838e-01,4.563514392087423266e-01,8.177997834239451036e-01,6.504247814494916735e-01,5.919331271238023051e-01,8.381954009979663001e-01,6.212163962336874068e-01,4.118187849807321554e-01,9.519653185001215601e-01,4.786939764065078484e-01,4.414003825762372601e-01,7.076529744194512972e-01,7.608030679552777453e-01,5.256231788842226083e-01,7.031401090368289974e-01,4.388667795482164569e-01,6.476785047512714222e-01,3.744814188893226814e-01,8.327439395461104787e-01,6.110902997688832938e-01,6.807861607137200011e-01,9.244782361327772424e-01,9.850266221583271475e-01,8.982910467341861382e-01,9.896365802396634992e-01,6.702862140533646373e-01,3.503039706084469795e-01,7.600647548785341989e-01
9.596290721100522170e-01,7.518525240559618128e-01,8.206428594545117639e-01,5.384750704116280096e-01,9.065935138938011617e-01,9.484227411166761268e-01,8.917663137191101930e-01,9.859830542861710567e-01,7.996169554018824899e-01,7.712843860907393490e-01,9.882663106889856275e-01,5.837124701984121034e-01,5.432308140418377063e-01,9.648577197915536585e-01,9.343852825069841606e-01,7.421042671038771132e-01,9.563292704144531475e-01,5.853502015321853102e-01,8.314437536425026698e-01,7.112121374546606090e-01,9.378971235717498134e-01,7.154185036024569566e-01,8.708929735570423158e-01,9.835652194052558750e-01,9.974193703127411936e-01,9.898559656266621154e-01,9.991851929752900707e-01,8.460070028151444044e-01,6.302341597259427664e-01,8.402379963206454416e-01
9.397032051371368988e-01,6.818552034512369575e-01,7.665903276480211526e-01,5.183461279101628794e-01,8.892887673987118768e-01,9.129037810458388025e-01,8.432633029547086378e-01,9.737455722159163995e-01,7.623704845309178246e-01,6.963221445260054931e-01,9.833484921522521738e-01,5.582749991551529956e-01,5.182515885385411414e-01,9.380033373454285117e-01,9.079013180620122414e-01,6.948224647257732478e-01,9.269451746041736939e-01,5.498028325047213949e-01,7.947339922826245351e-01,6.351196201869134805e-01,9.200164752370590948e-01,6.913706622186738260e-01,8.356667153310284313e-01,9.759290441041968966e-01,9.960206368991924020e-01,9.818579910936653388e-01,9.984767497138569148e-01,8.114845994909863913e-01,5.623773757080527957e-01,8.228248506959867647e-01
4.198768561024824875e-01,1.474131648482379653e-01,2.276494082682282705e-01,3.742543216803226880e-01,6.698512847055010377e-01,1.496229728992380659e-01,1.952447491310582706e-01,2.610175069142245396e-01,3.963411283035949140e-01,1.218626366745338974e-01,8.171252920879369386e-01,3.725984382966257558e-01,3.415506394561080850e-01,1.657192491063146367e-01,4.046360732423223139e-01,2.931872074100846381e-01,1.934856204959197190e-01,2.986485811076563524e-01,3.995490914152863282e-01,1.224828270210152337e-01,6.136736707080183706e-01,4.920176387213484048e-01,3.945775550801631226e-01,7.049463216705872393e-01,9.139899742642405567e-01,4.268134826224969092e-01,8.733575511721561879e-01,4.221335157123418114e-01,1.415325645457273240e-01,6.527381044169733304e-01
9.279206604551395454e-01,6.469329274754168635e-01,7.386696217251527141e-01,5.092102664848484617e-01,8.805690573545550404e-01,8.904314328981719484e-01,8.160442265144676188e-01,9.652284188739913562e-01,7.440163912694660597e-01,6.581870035344127290e-01,9.805018383959931416e-01,5.466497957922509254e-01,5.069059567245206566e-01,9.203352103460108458e-01,8.930009118968268433e-01,6.718918509865234867e-01,9.083481031451572374e-01,5.335190511587504236e-01,7.762700574368790463e-01,5.980009627727183030e-01,9.104638884796460996e-01,6.801221925278578828e-01,8.173397130849588965e-01,9.714214528474997001e-01,9.951598304858990662e-01,9.764402013140438541e-01,9.979783832620107153e-01,7.940082009664397589e-01,5.307044266133623678e-01,8.144655121564916556e-01
9.579035207687744968e-01,7.451131565620967567e-01,8.155409033664224872e-01,5.363982553350581384e-01,9.049231724708195479e-01,9.455041371642649572e-01,8.874384460059093760e-01,9.850382724018094116e-01,7.959774323623959313e-01,7.641719429027518107e-01,9.878328709864665491e-01,5.811002109845174735e-01,5.406556620280149605e-01,9.627073945209184691e-01,9.320144971298720549e-01,7.374427131331855456e-01,9.539107429746963573e-01,5.817087551514860122e-01,8.279046584573006573e-01,7.037859969064268473e-01,9.362368039767335892e-01,7.129845536181761423e-01,8.675720678959816246e-01,9.829014790312984307e-01,9.973010984706849325e-01,9.892252748398077111e-01,9.991307180690699452e-01,8.426919720020541460e-01,6.234032199277393937e-01,8.385036575976859696e-01
5.309246787518959731e-01,1.996728676936138369e-01,2.951589746870718622e-01,3.944990058557966139e-01,7.125802202830694432e-01,2.419181077498998300e-01,2.759059479459695652e-01,4.102940632114109865e-01,4.527317710947139084e-01,1.727377642257331980e-01,8.668082198420651308e-01,3.986555390543194410e-01,3.658325439578046234e-01,2.718799773212409177e-01,5.008492765552071679e-01,3.470744185064124077e-01,2.995418801520812746e-01,3.317537093917251600e-01,4.623670004187346305e-01,1.677647074006652639e-01,6.794340082703727024e-01,5.225360392006188626e-01,4.678332322012422884e-01,7.830297056239907683e-01,9.439358528878235566e-01,5.816325056840920826e-01,9.305007172663714021e-01,4.860911552683454540e-01,1.819040682427242039e-01,6.819730783307681454e-01
7.316194989101701962e-01,3.390625080634349087e-01,4.550947140670872915e-01,4.353084608720652060e-01,7.861670963119605782e-01,5.070517986867842941e-01,4.806509001380441237e-01,7.251128418471558534e-01,5.657806119032959824e-01,3.179562414602509213e-01,9.316461978546177747e-01,4.514540465921338397e-01,4.155038780258500930e-01,5.635726732132780858e-01,6.833593614469850586e-01,4.639787239102053373e-01,5.712250694769556159e-01,4.016604318508566474e-01,5.874598241225921225e-01,2.933927970075190794e-01,7.888659391277509370e-01,5.818343430639467684e-01,6.128870126389898143e-01,8.903394696345259263e-01,9.765293403377696135e-01,8.258990622778876745e-01,9.801325081691750762e-01,6.111782426237849508e-01,2.858797568756585861e-01,7.353363637910689254e-01
7.142953099498056124e-01,3.233481349797012183e-01,4.383021336409170243e-01,4.312429817238854213e-01,7.795750573973679876e-01,4.782662243078671938e-01,4.588975395052761197e-01,6.982106168466925000e-01,5.547647999479725645e-01,3.010646322847104206e-01,9.268646682703526318e-01,4.461880905544132192e-01,4.105196647158566026e-01,5.333375439201796242e-01,6.668278300041328155e-01,4.520659101809764158e-01,5.436400642063512478e-01,3.945447623807240012e-01,5.753805779133075449e-01,2.788677414889898509e-01,7.794220983565909311e-01,5.760735887160524094e-01,5.990620609058278090e-01,8.823015927988328011e-01,9.743994534986495371e-01,8.078394621775822904e-01,9.774725338560056320e-01,5.992340991283626739e-01,2.742118731670706855e-01,7.303451345244128534e-01
4.503513282662403028e-01,1.606606353467384674e-01,2.452289147315442064e-01,3.798292240398047359e-01,6.820285704140613969e-01,1.718722127214643569e-01,2.156721915619398133e-01,2.988795804934760159e-01,4.117750277362515199e-01,1.345189097732157890e-01,8.321996003901104277e-01,3.797594910752857822e-01,3.482095700217088807e-01,1.913596765252767729e-01,4.309143578929440221e-01,3.076443934208925590e-01,2.197402287654653397e-01,3.076413358096957706e-01,4.167357214460527537e-01,1.338698203230000716e-01,6.324578392651079017e-01,5.004866577393242144e-01,4.145712401007264347e-01,7.281723670860963393e-01,9.235090966817509628e-01,4.696169001998393155e-01,8.923526634595809748e-01,4.397064578896283105e-01,1.519164317611311765e-01,6.609753987864451785e-01
9.093350302436481458e-01,5.988938183746697064e-01,6.990976842837182126e-01,4.972680432673761697e-01,8.682903576212666064e-01,8.535550607982934634e-01,7.751709634796609683e-01,9.500300429834137583e-01,7.186811865287070500e-01,6.051869624055346009e-01,9.760560150116288636e-01,5.313891198056716059e-01,4.920765913038646078e-01,8.903701613770512724e-01,8.703732979874825304e-01,6.406711813016359169e-01,8.777089095976389199e-01,5.121453490459754176e-01,7.504177464061299041e-01,5.478348539162628539e-01,8.964421381365902386e-01,6.651085870789452681e-01,7.910632639180834591e-01,9.642856581966994245e-01,9.937507207309894675e-01,9.669396267574885684e-01,9.970747361111085283e-01,7.694145578841505850e-01,4.889953248494174898e-01,8.030917430887805075e-01
3.787353097090822573e-01,1.305847788882018301e-01,2.048201810753237373e-01,3.665942569974367515e-01,6.526190712399607685e-01,1.228079908871425457e-01,1.694442934922923416e-01,2.140094744477730737e-01,3.753239507438941858e-01,1.060497435158517660e-01,7.945614074171729602e-01,3.627803659574673212e-01,3.324379306354957042e-01,1.348709595778012638e-01,3.691808747242301125e-01,2.738521487939976073e-01,1.611889210274793371e-01,2.864565436298989187e-01,3.761747353425147766e-01,1.081069828919159481e-01,5.871211601048419437e-01,4.803060172734784361e-01,3.674925284035564510e-01,6.709842308548495948e-01,8.990485911135712715e-01,3.694612598908728618e-01,8.424151142725571084e-01,3.981447079379132892e-01,1.281472235612038935e-01,6.411869134319709840e-01
5.736299067696574161e-01,2.232873813493683468e-01,3.241580485334459305e-01,4.024260114669969135e-01,7.281819714639621299e-01,2.865745066750706727e-01,3.120861586193528492e-01,4.748401801467896921e-01,4.749409902705370445e-01,1.964808019416396656e-01,8.827120937280736879e-01,4.088917332143413019e-01,3.754116590434728451e-01,3.227515439371686501e-01,5.384171788198566233e-01,3.691048206386588482e-01,3.484030746189506478e-01,3.450331295826974398e-01,4.870857672643004177e-01,1.885462224467377990e-01,7.032111675519813199e-01,5.342990264912633736e-01,4.967056656233668210e-01,8.088913150423618914e-01,9.526388353858079583e-01,6.389453788406241896e-01,9.453612931563758481e-01,5.110511858229885851e-01,1.997449053098926397e-01,6.929141894446247951e-01
8.651282698801394666e-01,5.085698981774912086e-01,6.205648604169067273e-01,4.759015085657712363e-01,8.436388333620352675e-01,7.627085709476405517e-01,6.870725452528456678e-01,9.061372649246740574e-01,6.697181033073836831e-01,5.046743159083281194e-01,9.655067609112882865e-01,5.039355688978969239e-01,4.655756179851212040e-01,8.120773622609536169e-01,8.197728694049434273e-01,5.818395039068005037e-01,8.010806886188196474e-01,4.738149259847572181e-01,6.993908259708987440e-01,4.562308545762149281e-01,8.664590707424630889e-01,6.373883382924542262e-01,7.373381141755491752e-01,9.470259755914627320e-01,9.901361450475939519e-01,9.400072015674851844e-01,9.943376043435321332e-01,7.204554297300488352e-01,4.150696690034959557e-01,7.814295995421568497e-01
7.550184169567308867e-01,3.619651150081418800e-01,4.790781390624744840e-01,4.410892189480479231e-01,7.952682274794792283e-01,5.477520113268640189e-01,5.116093526528761037e-01,7.606065946062418037e-01,5.812907219772990297e-01,3.427503865647370529e-01,9.379321212758477966e-01,4.589409824001297045e-01,4.226023382047677801e-01,6.056066326420790347e-01,7.060265884272240999e-01,4.809417657608598407e-01,6.095635704996467119e-01,4.118231543562043684e-01,6.044092112727893484e-01,3.147312108885491067e-01,8.017462237733953279e-01,5.899661440476999807e-01,6.321820675970085679e-01,9.009118798373434434e-01,9.792561764761993359e-01,8.491783552866841722e-01,9.833844821893426014e-01,6.278888722868192218e-01,3.029276895616812570e-01,7.423130462342011349e-01
3.277746482224309088e-01,1.111581507434240279e-01,1.777232115504593091e-01,3.567271378620477940e-01,6.295885922315425098e-01,9.419174299577655340e-02,1.400276929981107699e-01,1.625250781705128433e-01,3.486730134237666090e-01,8.819938339642884040e-02,7.622056251603730459e-01,3.501749522951715377e-01,3.207659508103592461e-01,1.021249178093603383e-01,3.251219756638261127e-01,2.499163611194107348e-01,1.258520294724219390e-01,2.710464735442301154e-01,3.466145853317617043e-01,9.163522306448149135e-02,5.518191467218654944e-01,4.651005244429738950e-01,3.334828294562944828e-01,6.240138315166059435e-01,8.761885493909966627e-01,3.001901508452452516e-01,7.932980023973924544e-01,3.676620077851710522e-01,1.123605386717879406e-01,6.259089276525289236e-01
5.883753828038259526e-01,2.320214592726077829e-01,3.346669093142750628e-01,4.052169226281731040e-01,7.335233205206452833e-01,3.033447789141132667e-01,3.253644188339298027e-01,4.977801547096941115e-01,4.827538329414344243e-01,2.053663654488745438e-01,8.878844699817535213e-01,4.124989854989931093e-01,3.787929778608909448e-01,3.417182738734339531e-01,5.515045629184780474e-01,3.769635319190260958e-01,3.663853857256686997e-01,3.497469906186636557e-01,4.957713785111949045e-01,1.962835038051743142e-01,7.113001087256985988e-01,5.384138369764647214e-01,5.068411032726367615e-01,8.173803897241930239e-01,9.553737611243485750e-01,6.582204219071918772e-01,9.498222933683669877e-01,5.197934893960752811e-01,2.063013766446926966e-01,6.966992742900676161e-01
4.077113441887154077e-01,1.423181170072496671e-01,2.207977727406275348e-01,3.720092273070688682e-01,6.648602712977764728e-01,1.413230403169465077e-01,1.874110642053914699e-01,2.466180164821341614e-01,3.901560885630036002e-01,1.170427665331337796e-01,8.107377035246882135e-01,3.697181669767734546e-01,3.388752879248243532e-01,1.561610324036687980e-01,3.941538776493423990e-01,2.874550732697208622e-01,1.835681042079797820e-01,2.950551544082946620e-01,3.926660764513397184e-01,1.181198072947066136e-01,6.059767525603768634e-01,4.885938644753167748e-01,3.865874158326342291e-01,6.952330703129557810e-01,9.098441831577255279e-01,4.097745813611906596e-01,8.648954433775029038e-01,4.150801907969025595e-01,1.375047208101262963e-01,6.493805274746785594e-01
3.682933266872618905e-01,1.264856447838205167e-01,1.991709058169559843e-01,3.646134919180920586e-01,6.480702177946213727e-01,1.165490189659612180e-01,1.631978388836664851e-01,2.028485466774732349e-01,3.699321766896241370e-01,1.022456877315647134e-01,7.883675321010105153e-01,3.602459690981128504e-01,3.300887284810496980e-01,1.276884549719550510e-01,3.601728074405866065e-01,2.689572179241527250e-01,1.535403984275155731e-01,2.833359012301333579e-01,3.701860139964646135e-01,1.046203240605654006e-01,5.801269419082211165e-01,4.772640709233665901e-01,3.605778773815505045e-01,6.618336561384323691e-01,8.948028797124605305e-01,3.550668883779780627e-01,8.334247068393937363e-01,3.919821492747941893e-01,1.248487253226980148e-01,6.381559870136708223e-01
5.201903625556268951e-01,1.940905451600212772e-01,2.881737804022918015e-01,3.925327281141773872e-01,7.086115370659367141e-01,2.315613531945513170e-01,2.673076882525776132e-01,3.945984153265039152e-01,4.472248991108624949e-01,1.671886278610832111e-01,8.625724065379559713e-01,3.961189366376955956e-01,3.634623632105225544e-01,2.600178292864994134e-01,4.914726091011445974e-01,3.416825928782852850e-01,2.879963171845403291e-01,3.284858828003910380e-01,4.562332174205517288e-01,1.628813687126438314e-01,6.733563567459905919e-01,5.196013385110488381e-01,4.606666591175307413e-01,7.762071877948538701e-01,9.415442802512096199e-01,5.669370615981738082e-01,9.262545433775398740e-01,4.798792647087862240e-01,1.776574021339290543e-01,6.792153460909411411e-01
9.588053591722195401e-01,7.486166832962843909e-01,8.181957649540857469e-01,5.374734569838178766e-01,9.057911168088309539e-01,9.470338462023186743e-01,8.896972695808423870e-01,9.855349051078813316e-01,7.978674953281583715e-01,7.678725835749994344e-01,9.880591747400264691e-01,5.824529943157645828e-01,5.419889396908705859e-01,9.638358245371667632e-01,9.332514587895107683e-01,7.398624713393421315e-01,9.551781713453367795e-01,5.835948462363270695e-01,8.297439263076489269e-01,7.076438625399228410e-01,9.371013502355384217e-01,7.142460121397882222e-01,8.693000412193324644e-01,9.832482806158211464e-01,9.973629802439970549e-01,9.895564418010277530e-01,9.991593559289587700e-01,8.444151490380301661e-01,6.269454959154846518e-01,8.394033084937064793e-01
9.811299598918240550e-01,8.520035421280016674e-01,8.942988160406402098e-01,5.754175852087902721e-01,9.323643592881321052e-01,9.811809689534702894e-01,9.478023622913134272e-01,9.956795784057326237e-01,8.567339262404701783e-01,8.733321474228078474e-01,9.938901496057513940e-01,6.296252781483131500e-01,5.888830465497723043e-01,9.880784218563113397e-01,9.657108589967171586e-01,8.162435567872081688e-01,9.836695097991497994e-01,6.487233083622816476e-01,8.854347314564331439e-01,8.241468597824507247e-01,9.615676198359203175e-01,7.568790713218154220e-01,9.192892921246982318e-01,9.919480254908132899e-01,9.988452422732461145e-01,9.965761487891634518e-01,9.997447595508004436e-01,8.962178020254372157e-01,7.420816972652773957e-01,8.688280072960180567e-01
7.939358274746468602e-01,4.052219951667353492e-01,5.228853645839852682e-01,4.516470940226665620e-01,8.110821375226682228e-01,6.198380993682646167e-01,5.675451347189311990e-01,8.167532535720548603e-01,6.090832476893824898e-01,3.900586317554236016e-01,9.480046380371167647e-01,4.726084936815176385e-01,4.355980999651025143e-01,6.778756730228644445e-01,7.447267242892167127e-01,5.118908418366022728e-01,6.757029998131520721e-01,4.305023319118556069e-01,6.345892055648663099e-01,3.555887657434524396e-01,8.236447003892790608e-01,6.046334072734507181e-01,6.661923317329806471e-01,9.178383797464090277e-01,9.834442360823667517e-01,8.849237954011086593e-01,9.880134933650371876e-01,6.575006772055829174e-01,3.353592460978639944e-01,7.546951791920614161e-01
1.315748755914657175e-01,4.575897955602054729e-02,7.945044161603595501e-02,3.071920607953798066e-01,5.016251988138762385e-01,2.146099969268497679e-02,4.764749307265567918e-02,3.193105841143441953e-02,2.263614058060440248e-01,3.217616954976528637e-02,5.453325182022523698e-01,2.878484626380162226e-01,2.634703228667915620e-01,2.137874876143914388e-02,1.482086488133400881e-01,1.483723688568029664e-01,3.079370552441055425e-02,1.993249704635971786e-01,2.134036461541514162e-01,3.715884418268130401e-02,3.668284788224111526e-01,3.871994955691077100e-01,1.862183771907875707e-01,3.608823822502937873e-01,6.800098760269526199e-01,7.738212099126645649e-02,4.038809440958895380e-01,2.283489463620338722e-01,5.474513245867353162e-02,5.424685159284272640e-01
2.638020752203305008e-01,8.854086375811075216e-02,1.450736410021321587e-01,3.433171853304464172e-01,5.968534449165729949e-01,6.454647843544783492e-02,1.065909331974802532e-01,1.084578689945675245e-01,3.134414712523560520e-01,6.803455096863007812e-02,7.121312972867083202e-01,3.331305082848738941e-01,3.050312146145456316e-01,6.858391223479737286e-02,2.691941047219590377e-01,2.192697316653616502e-01,8.815653163426430405e-02,2.506684035425388868e-01,3.077465406379478186e-01,7.262478832752203295e-02,5.023375843252045891e-01,4.442413900344818756e-01,2.893302201031294763e-01,5.553930754472572451e-01,8.375056489801645521e-01,2.181460283399892230e-01,7.084531723381097823e-01,3.273373747110231990e-01,9.339099950216135648e-02,6.044251217264008380e-01
6.486864347681116083e-01,2.715104429090527405e-01,3.808173973382560917e-01,4.170780371082897786e-01,7.553470420127644802e-01,3.797688251035181151e-01,3.844375379882952193e-01,5.937012514583590583e-01,5.158212432052018404e-01,2.461680145954570909e-01,9.075951858560400431e-01,4.278440972158978894e-01,3.932105989693138182e-01,4.269620233051385494e-01,6.058294625851781134e-01,4.108526937246876898e-01,4.460144433487095439e-01,3.699864990353941008e-01,5.324456019217165270e-01,2.316131237141878241e-01,7.439938071463644276e-01,5.557401242255347595e-01,5.495164105678406186e-01,8.500322119313029612e-01,9.653529499577366835e-01,7.335783716684773914e-01,9.651275893955828522e-01,5.565449132023483347e-01,2.357543289848613721e-01,7.124001201681702256e-01
5.538370615117224061e-01,2.120486103013001222e-01,3.104654939228772559e-01,3.987274120165283375e-01,7.209818175099864668e-01,2.651727773488241069e-01,2.949118244628037289e-01,4.445386546217334200e-01,4.645793758192613421e-01,1.851281087783175905e-01,8.755203193102317760e-01,4.041138435117039851e-01,3.709375568211706331e-01,2.984322926426702383e-01,5.209482957462991948e-01,3.587697311112409970e-01,3.251682514007073199e-01,3.388166191227156010e-01,4.755578226030660605e-01,1.786307034476244116e-01,6.922633609311560354e-01,5.288243931383230789e-01,4.832439413707231290e-01,7.971500733204484046e-01,9.487577971099203644e-01,6.126344800173425531e-01,9.388541734764953572e-01,4.994254111929777307e-01,1.912768449858947006e-01,6.878443983529362038e-01
4.489975335089733677e-01,1.600565654666411819e-01,2.444345336612672726e-01,3.795826447326337560e-01,6.814965156730404816e-01,1.708379129858335066e-01,2.147393910661331007e-01,2.971443882448953633e-01,4.110903585114452086e-01,1.339380108876460640e-01,8.315561577066890031e-01,3.794424996753170687e-01,3.479145813404989074e-01,1.901675789912262715e-01,4.297458829983876183e-01,3.069984038762098022e-01,2.185300781732994746e-01,3.072415203698514174e-01,4.159730434125791243e-01,1.333492373164613665e-01,6.316372629723960852e-01,5.001130770185457930e-01,4.136828785536987296e-01,7.271723902119510141e-01,9.231104072376502545e-01,4.677147300980028510e-01,8.915704719523888100e-01,4.389278196870026738e-01,1.514455308481757745e-01,6.606140721517401726e-01
4.960614219638372901e-01,1.820030141368684795e-01,2.728705746229745932e-01,3.881353013274925767e-01,6.995940478875726232e-01,2.094759363517661455e-01,2.486526076237791649e-01,3.602162874320485875e-01,4.349224848177282721e-01,1.552617640686893286e-01,8.526597351079083786e-01,3.904500556568813452e-01,3.581704755927633821e-01,2.346607240741745148e-01,4.704733923199588275e-01,3.297385544283911729e-01,2.630910610022916263e-01,3.212169043368784394e-01,4.425266654146993717e-01,1.523455318798734859e-01,6.595133180474666013e-01,5.130144815371269207e-01,4.446561283208398385e-01,7.603556150052573903e-01,9.358282729405559275e-01,5.335835940738885563e-01,9.158506872425059564e-01,4.659720911274182753e-01,1.684159567944764624e-01,6.729845306811833572e-01
6.162670885069527760e-01,2.494764499775191380e-01,3.553349157100068600e-01,4.106005596749997544e-01,7.436042743775699293e-01,3.370820251910043308e-01,3.516875501613950794e-01,5.418333187568864506e-01,4.977972419734808529e-01,2.232798807918376649e-01,8.972716508640673494e-01,4.194613805993585021e-01,3.853277402878237945e-01,3.796051372317131301e-01,5.764553589217825680e-01,3.922548644900705206e-01,4.019914367499446972e-01,3.588934523967216572e-01,5.124752239874853510e-01,2.118295293427542025e-01,7.264794735238944146e-01,5.463108705258132858e-01,5.263071448070851810e-01,8.328751665049871633e-01,9.602149449000253467e-01,6.938152810383885205e-01,9.574473893733563834e-01,5.365651012374205164e-01,2.193523944272322002e-01,7.039027570552922608e-01
9.477150410723526042e-01,7.081043018750929896e-01,7.871443828731716774e-01,5.255592001670471580e-01,8.957819707502899798e-01,9.276242893923930533e-01,8.623824461014621967e-01,9.790069861573731380e-01,7.762235008160318639e-01,7.246953454298856734e-01,9.853058507047449677e-01,5.674197934793022702e-01,5.272070206271162185e-01,9.493051917661361472e-01,9.183315780024927655e-01,7.122951287976376777e-01,9.391159779153652742e-01,5.626009945820436009e-01,8.085112624546805238e-01,6.633869364300251092e-01,9.268988755189112583e-01,7.001049993373729130e-01,8.490842887475633649e-01,9.789941417864375106e-01,9.965916806297029362e-01,9.852571426275575917e-01,9.987822317093123514e-01,8.244762130034377634e-01,5.870710272432561050e-01,8.292211426614773950e-01
9.048173576241632654e-01,5.882886097954350690e-01,6.901675348799121146e-01,4.947035051221758128e-01,8.655178001233563290e-01,8.444057997552280037e-01,7.655984775652199259e-01,9.460273433142274424e-01,7.130458634521746886e-01,5.934250789516248847e-01,9.749794737785952847e-01,5.281033729229420715e-01,4.888930526935384435e-01,8.827627561277138213e-01,8.650118836769595809e-01,6.337972830870973739e-01,8.700736278046130590e-01,5.075470662671041078e-01,7.446133716420028081e-01,5.368973401214672814e-01,8.931881222510250629e-01,6.618391638449955261e-01,7.850711859861516650e-01,9.625430738953836274e-01,9.933985737400451432e-01,9.644613303148302785e-01,9.968333287743764703e-01,7.638731044235189671e-01,4.800388384443249890e-01,8.005818130161824753e-01
5.661593358207844817e-01,2.189824307967982442e-01,3.189360961254302240e-01,4.010241694571360371e-01,7.254692984512461917e-01,2.783497731574053891e-01,3.055185368970117499e-01,4.633321692760561938e-01,4.710144379810537463e-01,1.921212259261463051e-01,8.800322248324911056e-01,4.070804606370758694e-01,3.737149456806957426e-01,3.134200615663306766e-01,5.318111734254781231e-01,3.651766020598695706e-01,3.395125129744093750e-01,3.426728067128183564e-01,4.827183159618687047e-01,1.847427470720089948e-01,6.990921531565427172e-01,5.322269026264301317e-01,4.916066330515426741e-01,8.045075176845101206e-01,9.512032421837109952e-01,6.290706931034226734e-01,9.429778372666287600e-01,5.066496978642931470e-01,1.965057175102443432e-01,6.909998529907638298e-01
9.411519212775439902e-01,6.864379730578158423e-01,7.702047378333199967e-01,5.195815737877830243e-01,8.904249382825272230e-01,9.156029521723688669e-01,8.466831895332290747e-01,9.747295448894389702e-01,7.647832948878307002e-01,7.012954360748316907e-01,9.837008841169914142e-01,5.598434981825139989e-01,5.197856783163805616e-01,9.400925169280849314e-01,9.097680962875422939e-01,6.978556957089420143e-01,9.291769885670124740e-01,5.519989377074705494e-01,7.971436892187759859e-01,6.400318749806614971e-01,9.212352667873452416e-01,6.928758884594727885e-01,8.380298166661441783e-01,9.764830938855162401e-01,9.961247501635095425e-01,9.824901300094111001e-01,9.985340051564687291e-01,8.137599075487117473e-01,5.666302777929758117e-01,8.239330283875075933e-01
8.528112929068362158e-01,4.877158786408798408e-01,6.015789996595474198e-01,4.710481606903739182e-01,8.375285995906193159e-01,7.373287544680219296e-01,6.645778779339243103e-01,8.921714126981580284e-01,6.579861093003674943e-01,4.814443518480411299e-01,9.625412004901546803e-01,4.976780886077949995e-01,4.595659050257512868e-01,7.891756603248281099e-01,8.063043369963112106e-01,5.680496698014321222e-01,7.792926666617884246e-01,4.651180317459930325e-01,6.869792400171444990e-01,4.355714912615755163e-01,8.586828638847656681e-01,6.309415874547581460e-01,7.239401514486634159e-01,9.421159546821682440e-01,9.890592610118276173e-01,9.314778077911581855e-01,9.934211098998075862e-01,7.084644686511915035e-01,3.986481889121776256e-01,7.762664357282479388e-01
8.568506457949006672e-01,4.943876686954196686e-01,6.076905174784137387e-01,4.726006064127818429e-01,8.395044475503211645e-01,7.456366353942338598e-01,6.718637582686791676e-01,8.968283623015056438e-01,6.617620904300791640e-01,4.888736678723552553e-01,9.635158622524244709e-01,4.996804012250788407e-01,4.614877266533206068e-01,7.967191908967915515e-01,8.106954480517366557e-01,5.724747635024265424e-01,7.864455014877161920e-01,4.678988528173802508e-01,6.909811348179325519e-01,4.421613731587477614e-01,8.612114490146897117e-01,6.330096662963160536e-01,7.282730078817264419e-01,9.437318481749217280e-01,9.894159297953780685e-01,9.343226667189250545e-01,9.937293660874463308e-01,7.123342282315157092e-01,4.038799357201673934e-01,7.779279594358741168e-01
3.091185265212611499e-01,1.043803539637848110e-01,1.680691090888370987e-01,3.529605019316109371e-01,6.205567449137278091e-01,8.486778914646457561e-02,1.298980427019717498e-01,1.455530096712661925e-01,3.386507728259441907e-01,8.208267036765756752e-02,7.488531269773942567e-01,3.453766992346932185e-01,3.163309814813790588e-01,9.152153967192790118e-02,3.089055005119233366e-01,2.410831644877466651e-01,1.141242229770553090e-01,2.652552346605750455e-01,3.355297969708744277e-01,8.591948709239670412e-02,5.380689520780023161e-01,4.592629712293837541e-01,3.208173869419305158e-01,6.052321507266276157e-01,8.662651693497593897e-01,2.755901648081667821e-01,7.715977924325335691e-01,3.561898081258862425e-01,1.067508404460899701e-01,6.199582481210080820e-01
5.151801509001168178e-01,1.915294261097546802e-01,2.849518361347280204e-01,3.916174378617087726e-01,7.067507637362049344e-01,2.268411994625311456e-01,2.633587204833620077e-01,3.873542501851602315e-01,4.446624983799667419e-01,1.646512764273180274e-01,8.605597086143209618e-01,3.949385325930728774e-01,3.623598834021762305e-01,2.546050094535322605e-01,4.871038244265710193e-01,3.391832934922359710e-01,2.827064637471941588e-01,3.269683912340077825e-01,4.533786969820767232e-01,1.606446686134738455e-01,6.705034051552464236e-01,5.182330098566869658e-01,4.573317102648591925e-01,7.729755086190053248e-01,9.403971652426358352e-01,5.600454672793178101e-01,9.241948694290273991e-01,4.769859309920743140e-01,1.757047623209948284e-01,6.779256740472001663e-01
9.012572533163833999e-01,5.801885865983609225e-01,6.832973423500294796e-01,4.927583955848022779e-01,8.633819778236746512e-01,8.371588590968558341e-01,7.581511236866494974e-01,9.427914655744381589e-01,7.087265974072476382e-01,5.844304974384928464e-01,9.741315669856676074e-01,5.256093833402921689e-01,4.864788188352282550e-01,8.766906572981337797e-01,8.608212438563638269e-01,6.285464476245437027e-01,8.640146849618126623e-01,5.040582209757231702e-01,7.401518315724372465e-01,5.285765486512541411e-01,8.906601174233979012e-01,6.593488243397410686e-01,7.804433998013821094e-01,9.611670523717078529e-01,9.931183740062178300e-01,9.624630663233045835e-01,9.966370566848696821e-01,7.596087898135074346e-01,4.732532812438184355e-01,7.986619760669979584e-01
9.242940911573672702e-01,6.369418794792324201e-01,7.305542162018899832e-01,5.066750198052535348e-01,8.780475764645728765e-01,8.833536462588825744e-01,8.078748631983776463e-01,9.624279890374506374e-01,7.387641425565266706e-01,6.472089648994374667e-01,9.796311217741878741e-01,5.434158753547881915e-01,5.037574057432853136e-01,9.146740914721860349e-01,8.885074425961573263e-01,6.653775833754195235e-01,9.024816486322387865e-01,5.289884418095673890e-01,7.709443746312389933e-01,5.874829212513754673e-01,9.076376280135453056e-01,6.769641260222593049e-01,8.119836017920568638e-01,9.700323693210712861e-01,9.948898310343048390e-01,9.746761940455409556e-01,9.978133364946715211e-01,7.889535793336303060e-01,5.218645679099054302e-01,8.120937191538839528e-01
4.025525464361074945e-01,1.401887077883822441e-01,2.179189203127345487e-01,3.710527138451081841e-01,6.627187952228423828e-01,1.378994705852874259e-01,1.841421338977349553e-01,2.406376031308479768e-01,3.875269595696712588e-01,1.150365234622877236e-01,8.079599382335401758e-01,3.684916982475529568e-01,3.377365869098427620e-01,1.522205135730246295e-01,3.897090552563552968e-01,2.850291099568210695e-01,1.794570192306248479e-01,2.935291901704723538e-01,3.897412299177998030e-01,1.162990477059828442e-01,6.026754510353025118e-01,4.871329355002509964e-01,3.831955281978174921e-01,6.910333052780489593e-01,9.080205764925678436e-01,4.025654881811658314e-01,8.611409583751087338e-01,4.120802824984074464e-01,1.358152190903715584e-01,6.479430043341909418e-01
8.605288853821022599e-01,5.006026678167898591e-01,6.133517697849952821e-01,4.740468098487030657e-01,8.413269508734104729e-01,7.532160688338334076e-01,6.785752480282020160e-01,9.010042224345048423e-01,6.652600759345802528e-01,4.957967622343139036e-01,9.644015480088774517e-01,5.015450796994153082e-01,4.632784679434843733e-01,8.035616891029081499e-01,8.147157159978366536e-01,5.765852762290636369e-01,7.929534295747066031e-01,4.704903103402715003e-01,6.946823569977368384e-01,4.483166658533402904e-01,8.635319779488882519e-01,6.349311870724021478e-01,7.322694565749769957e-01,9.451984308839752602e-01,9.897377248941561234e-01,9.368728530757172157e-01,9.940035079745259683e-01,7.159102900932021729e-01,4.087717957367744681e-01,7.794673201472097634e-01
8.740316518989644790e-01,5.246518020449728592e-01,6.349761044683367439e-01,4.796512725836490909e-01,8.482266287202613331e-01,7.811112734454386253e-01,7.038613861412383876e-01,9.157863623616198101e-01,6.786333903865456874e-01,5.225983832567387966e-01,9.676399250750018499e-01,5.087653651149621759e-01,4.702218251337326183e-01,8.284128300180138016e-01,8.296619467846468865e-01,5.923990785080066601e-01,8.167655582658379654e-01,4.805397587080217359e-01,7.087774067292055280e-01,4.722865616686948154e-01,8.722118116447808989e-01,6.423315477337738777e-01,7.473899826038222782e-01,9.505446274630323655e-01,9.908950759931905994e-01,9.459008312586709710e-01,9.949572617901520921e-01,7.295026435016500610e-01,4.278787977565792211e-01,7.853562908824985866e-01
8.759519690957917604e-01,5.282412338417842301e-01,6.381660614566669887e-01,4.804898898522049211e-01,8.492370242694704530e-01,7.850818805596653238e-01,7.075425636010458375e-01,9.178166561312262051e-01,6.806090784392443416e-01,5.265991315960596442e-01,9.680990763463722670e-01,5.098449113661563947e-01,4.712612554621560812e-01,8.319069192008521352e-01,8.318128322615145898e-01,5.947484911651310657e-01,8.201378879931615629e-01,4.820441983129224450e-01,7.108520847701578216e-01,4.758849837084023204e-01,8.734685993009182470e-01,6.434325548699605379e-01,7.496019964598055196e-01,9.513003891308730031e-01,9.910566635078142950e-01,9.471416684773279471e-01,9.950862874571788641e-01,7.314998334458473472e-01,4.307562897371691735e-01,7.862270878481657510e-01
5.896459909883893236e-01,2.327893551465146371e-01,3.355854282825807000e-01,4.054590378614957302e-01,7.339829727117589409e-01,3.048237341929524447e-01,3.265286599580412008e-01,4.997696591978048608e-01,4.834312435804576924e-01,2.061501302520549195e-01,8.883231293853777188e-01,4.128119914424972503e-01,3.790865192177333975e-01,3.433868752493347554e-01,5.526354563914387397e-01,3.776475886734338427e-01,3.679620199611330911e-01,3.501568336209701093e-01,4.965241551067523518e-01,1.969650854381409244e-01,7.119947957379737513e-01,5.387701343498509932e-01,5.077191621686523160e-01,8.181019783675598234e-01,9.556035169600580748e-01,6.598672719463898328e-01,9.501921604035162838e-01,5.205504893382497666e-01,2.068769065521043060e-01,6.970259978571630155e-01
1.947552274958817831e-01,6.574499609101326636e-02,1.108083257201017691e-01,3.265622655906812999e-01,5.538296717589448193e-01,3.927616116168307359e-02,7.426706508089465919e-02,6.281985109121868138e-02,2.714560708304167846e-01,4.850026961856540586e-02,6.399535090340570109e-01,3.120010254883315848e-01,2.855966682066246043e-01,4.056083827526280744e-02,2.073096405666726150e-01,1.842243447486728580e-01,5.496418018652649701e-02,2.261846408495178096e-01,2.618832197138767359e-01,5.364616445903597208e-02,4.392538397094980507e-01,4.179136344464766117e-01,2.383510767319629298e-01,4.650273425043226494e-01,7.747258482489352005e-01,1.387872939661276006e-01,5.755726055286511933e-01,2.794076365028608788e-01,7.338022104188189620e-02,5.764219510606856112e-01
8.170017476156470337e-01,4.346480356799904965e-01,5.516480279791565744e-01,4.586398531985687588e-01,8.209958362131047904e-01,6.648670347276052217e-01,6.036279625272162885e-01,8.478596361468985210e-01,6.270578683455894087e-01,4.225222134992752676e-01,9.537845826110984415e-01,4.816529285780836167e-01,4.442252368271747964e-01,7.215217807314725507e-01,7.683585826884816727e-01,5.322821851931951453e-01,7.159746460194635898e-01,4.429434193705531486e-01,6.539600197352363198e-01,3.838043141931977709e-01,8.370274754224932279e-01,6.142134408476866980e-01,6.877526973269214583e-01,9.275231739049973889e-01,9.857406918116582428e-01,9.042749623139240134e-01,9.903446609524926281e-01,6.764095679796103822e-01,3.576743700512958202e-01,7.626442887177589114e-01
7.843841925864473152e-01,3.939261184656170367e-01,5.116262066521566343e-01,4.489273993773435500e-01,8.071069198012836843e-01,6.016663467180632940e-01,5.532665029584012961e-01,8.033639588143355326e-01,6.019955179677665136e-01,3.776518624743010477e-01,9.455724532633472679e-01,4.690888988944594828e-01,4.322468032341859612e-01,6.599297845696321385e-01,7.351008775970506726e-01,5.039309472869992756e-01,6.592314546547144438e-01,4.256774808674020916e-01,6.269177568982446935e-01,3.448487592652266231e-01,8.182012232935436113e-01,6.008782749387761024e-01,6.575930614984061284e-01,9.137552174957943585e-01,9.824541140699375452e-01,8.765046613248990148e-01,9.869615389969647046e-01,6.499910965675709251e-01,3.268531507577649986e-01,7.515496211575907193e-01
7.012234103286753006e-01,3.121120709621185707e-01,4.261203970686560094e-01,4.282786539805396031e-01,7.746677033654565392e-01,4.573162527139861266e-01,4.430988029557741403e-01,6.776423421940211966e-01,5.466821189634580858e-01,2.890530164189359374e-01,9.231785869362525432e-01,4.423484602946539113e-01,4.068898340111843925e-01,5.110796532700780936e-01,6.544823808056174919e-01,4.433965002617441531e-01,5.233065488301640311e-01,3.893741538307556871e-01,5.664976283994987982e-01,2.685394980134712117e-01,7.723335192343436795e-01,5.718517156181256444e-01,5.888598866906132878e-01,8.761107974566203493e-01,9.727255791783596672e-01,7.937656018123576684e-01,9.753122922587803556e-01,5.904319599239886696e-01,2.658774212390588310e-01,7.266613518703287644e-01
7.339290356843839458e-01,3.412334995519983316e-01,4.573927742672300178e-01,4.358633759209111780e-01,7.870545526867488428e-01,5.109766385364129526e-01,4.836239822461209648e-01,7.286628724143162650e-01,5.672775747483832509e-01,3.202979062253492604e-01,9.322751589836325570e-01,4.521727997452348324e-01,4.161847178724073504e-01,5.676631850418525360e-01,6.855787445929711899e-01,4.656062396395631575e-01,5.749554443592554964e-01,4.026337685006138867e-01,5.890987451881418702e-01,2.954068809793988781e-01,7.901301718534434748e-01,5.826179905185485675e-01,6.147582339430536225e-01,8.913971813159967672e-01,9.768059654421026305e-01,8.282544137451971489e-01,9.804704303296938317e-01,6.127965888705603215e-01,2.874932591046083785e-01,7.360121960440888511e-01
4.041458905643883770e-01,1.408444592809703910e-01,2.188064325417624356e-01,3.713484509116695698e-01,6.633818612210818921e-01,1.389508554184668565e-01,1.851484556938028103e-01,2.424766786937414265e-01,3.883394438620935141e-01,1.156538272663482081e-01,8.088223918216210784e-01,3.688708579363139672e-01,3.380885810713290529e-01,1.534305045702260284e-01,3.910818973405659760e-01,2.857781318422376593e-01,1.807208182497141713e-01,2.940006701293276237e-01,3.906450336243686983e-01,1.168595805368555923e-01,6.036975404448908789e-01,4.875847709328277046e-01,3.842434244440639524e-01,6.923356892276808505e-01,9.085881215120177323e-01,4.047908843641770393e-01,8.623114563791137721e-01,4.130074520856548137e-01,1.363358959666833015e-01,6.483879106112349078e-01
7.172451097239647133e-01,3.259552627910426437e-01,4.411076430271123061e-01,4.319236885274301829e-01,7.806899106833359303e-01,4.830855535666647715e-01,4.625345579100620386e-01,7.028225910217810180e-01,5.566150106193088476e-01,3.038597932226045906e-01,9.276869609951963191e-01,4.470698077638963763e-01,4.113537227372314198e-01,5.384279530303939243e-01,6.696285777793851146e-01,4.540589377648155400e-01,5.482865069854075957e-01,3.957342589605712391e-01,5.774116546975360809e-01,2.812710564751312869e-01,7.810256867499212330e-01,5.770405269437782758e-01,6.013906784392202276e-01,8.836833956393741474e-01,9.747690940464435183e-01,8.109627507878942598e-01,9.779414222111183497e-01,6.012444934819327624e-01,2.761465188742791010e-01,7.311857481998289554e-01
2.522027276862636169e-01,8.461140663475487378e-02,1.392698984146509833e-01,3.407074394599339251e-01,5.903003172493063166e-01,5.984233495877260001e-02,1.009034842561120082e-01,9.988802415058456452e-02,3.067413419124101481e-01,6.460657673244707411e-02,7.015720076355707047e-01,3.298264647118254178e-01,3.019871381034968660e-01,6.331715828465524221e-02,2.589344969605496538e-01,2.135695353302915489e-01,8.205905551592450331e-02,2.467817043262728882e-01,3.003899031140079834e-01,6.934027257595885840e-02,4.925669845196878338e-01,4.401584975337156092e-01,2.810624369057703187e-01,5.415509912126030834e-01,8.288380544937862249e-01,2.040586056102418611e-01,6.895402997634810793e-01,3.196743541283683099e-01,9.001475072027183277e-02,6.001478214726977400e-01
7.332418196735829286e-01,3.405855590158433088e-01,4.567074583575544966e-01,4.356979219848449159e-01,7.867902563310972264e-01,5.098066440019554113e-01,4.827374851458907656e-01,7.276075157556169959e-01,5.668314117860110413e-01,3.195988301557184941e-01,9.320882101572234291e-01,4.519584965465447413e-01,4.159817052088378153e-01,5.664446178538671273e-01,6.849179597786504425e-01,4.651209494674058420e-01,5.738441788483032990e-01,4.023435065907076114e-01,5.886103380393560291e-01,2.948055814504982886e-01,7.897538481843244806e-01,5.823844048295073739e-01,6.142007180873764183e-01,8.910827860746673990e-01,9.767238297673623837e-01,8.275548659547660169e-01,9.803702791322839172e-01,6.123143692855761433e-01,2.870116569049216415e-01,7.358108257236871674e-01
6.731060251173226483e-02,2.543775239866691643e-02,4.598704858281738722e-02,2.778382773285490992e-01,4.192249107280343612e-01,8.103343403364580283e-03,2.311548642025074499e-02,1.060051573131413211e-02,1.662721422985714292e-01,1.660199162692464064e-02,3.912907351030118774e-01,2.519318758544382142e-01,2.307201526139933401e-01,7.610041405614537298e-03,8.356188320112027668e-02,1.035094990839557638e-01,1.203367167867123652e-02,1.617740930822234580e-01,1.505846821768417332e-01,2.054522212616062549e-02,2.642117204926130447e-01,3.403612712579799360e-01,1.222649760255617030e-01,2.217242183762607732e-01,4.976222329872678762e-01,2.891549691931645169e-02,1.839625395936426155e-01,1.616218817092091864e-01,3.406242018113168207e-02,4.879380234761991897e-01
2.575575484822765771e-01,8.641969669328174175e-02,1.419457827217399382e-01,3.419205595250003893e-01,5.933536166588174732e-01,6.198985012238927145e-02,1.035155531078062324e-01,1.037980594157733027e-01,3.098489816942291974e-01,6.618113649174559021e-02,7.065129122757606295e-01,3.313617641401773173e-01,3.034013979864404464e-01,6.571915444460786626e-02,2.636764665971074728e-01,2.162083066858059843e-01,8.484692172971453061e-02,2.485851237466414621e-01,3.038004611650146347e-01,7.085109432145299257e-02,4.971129734686835500e-01,4.420572870922602204e-01,2.848914949547228237e-01,5.480009889715684590e-01,8.329158916299974624e-01,2.105277670632093312e-01,6.984245786841991599e-01,3.232281558785941034e-01,9.157181351025960037e-02,6.021399841286118049e-01
6.903592454513381993e-01,3.031462520971393015e-01,4.162923786051256347e-01,4.258750747899481826e-01,7.706257583406040945e-01,4.404096168933986366e-01,4.303512165287954883e-01,6.604120387438686679e-01,5.400997580815202204e-01,2.795105936733746077e-01,9.200605758678352952e-01,4.392353110162016683e-01,4.039494665598731826e-01,4.929673907157348656e-01,6.443000739102863195e-01,4.363810448443675161e-01,5.067333751005158593e-01,3.851932377187439749e-01,5.592518718626836582e-01,2.603322273151070787e-01,7.664597026400337132e-01,5.684153590468277173e-01,5.805176020907162338e-01,8.708793515850530298e-01,9.712883703869590324e-01,7.817852488079360951e-01,9.734105321144512768e-01,5.832405147746270169e-01,2.592290541445525509e-01,7.236467325674431628e-01
2.021241673727802446e-01,6.811772406025985716e-02,1.144447710319205919e-01,3.285151936768270220e-01,5.589558494468616079e-01,4.167133114254875648e-02,7.754773325893143943e-02,6.708479342963800940e-02,2.762176315792436720e-01,5.049170917099595618e-02,6.488816699160587786e-01,3.144532801351490603e-01,2.878483482716586161e-01,4.318386186827617018e-02,2.140218511240619403e-01,1.881181957365755109e-01,5.815958786820368820e-02,2.289802272185763043e-01,2.670537990531620665e-01,5.561301148060978500e-02,4.466271393151713953e-01,4.209954727507285166e-01,2.440261758132728775e-01,4.756737204263258856e-01,7.829391790219476510e-01,1.467020726021489863e-01,5.922727047811420231e-01,2.848296464036983444e-01,7.551577932126080084e-02,5.797518482725786404e-01
7.006300542155484701e-01,3.116139093165825047e-01,4.255768596407376037e-01,4.281460258433282262e-01,7.744461429024588339e-01,4.563810510744882865e-01,4.423937569171885187e-01,6.767041663170410004e-01,5.463195560802885931e-01,2.885218129422747468e-01,9.230095967527245371e-01,4.421766737584945650e-01,4.067275194430330920e-01,5.100812237360169421e-01,6.539244785522810854e-01,4.430090369082089752e-01,5.223936674022860993e-01,3.891431780783065619e-01,5.660987914083729367e-01,2.680826892024375518e-01,7.720123547083641569e-01,5.716624043551493672e-01,5.884011560701313259e-01,8.758271285322918320e-01,9.726481825150192773e-01,7.931178535164713495e-01,9.752109683151877206e-01,5.900363833876620667e-01,2.655079956224831728e-01,7.264956543050973270e-01
9.313912958321750590e-01,6.568113385170519791e-01,7.466367539989491320e-01,5.117487020797935049e-01,8.830488944541803331e-01,8.971391830932383682e-01,8.239531388278948931e-01,9.678307122546949692e-01,7.492063293001531843e-01,6.690136392172263413e-01,9.813372230788102168e-01,5.498844484048158732e-01,5.100585086473762297e-01,9.256587019680562189e-01,8.973403553926762033e-01,6.783498789490727265e-01,9.139031092757536889e-01,5.380506730101100032e-01,7.815145117523549789e-01,6.084445733223770025e-01,9.132158510821066777e-01,6.832683582954447443e-01,8.225840642740018804e-01,9.727498303114467948e-01,9.954159897983365646e-01,9.780863866782404381e-01,9.981312078306860958e-01,7.989797180862070469e-01,5.395377899321515125e-01,8.168174981142213298e-01
6.833834852788283065e-01,2.975567465260851585e-01,4.101159887225048761e-01,4.243581267021023784e-01,7.680456599298594034e-01,4.297951740250545716e-01,4.223426768325987957e-01,6.492979131242825330e-01,5.359332036593641435e-01,2.735814704718556589e-01,9.180312462901512038e-01,4.372706585045327277e-01,4.020950784735373151e-01,4.815293390710782551e-01,6.377975226835024269e-01,4.319611125333787660e-01,4.962513731330447375e-01,3.825601191646840205e-01,5.546602610097735031e-01,2.552308949083851308e-01,7.626942939821367284e-01,5.662406131637439666e-01,5.752222324559548294e-01,8.674776110428641385e-01,9.703426303868546432e-01,7.739605994844285242e-01,9.721361764180446174e-01,5.786779345533071828e-01,2.550842989788086879e-01,7.217313317399000061e-01
4.901390808898629103e-01,1.791279411833834323e-01,2.691939615131814234e-01,3.870589967973576684e-01,6.973571294728329040e-01,2.042994021363215007e-01,2.442104357760012945e-01,3.519793511450827750e-01,4.319152978752021643e-01,1.524433833473258226e-01,8.501387094425300051e-01,3.890634552615521713e-01,3.568771435218041077e-01,2.287073243434722958e-01,4.653336260472433206e-01,3.268402502651476804e-01,2.571957816635115357e-01,3.194462137125427259e-01,4.391758335688448756e-01,1.498472047054885958e-01,6.560733150055537699e-01,5.113974021626115363e-01,4.407436225949203368e-01,7.563505121017609634e-01,9.343480989638252021e-01,5.253413728317374298e-01,9.131013863972913258e-01,4.625667459133351311e-01,1.662077017918014155e-01,6.714461164741852839e-01
8.568792425350690856e-01,4.944354667464186948e-01,6.077341734217369673e-01,4.726117280565863554e-01,8.395185295871318010e-01,7.456955134815267394e-01,6.719156526493902382e-01,8.968610674973506169e-01,6.617890631395546563e-01,4.889269034620125076e-01,9.635227546810924970e-01,4.996947432946497458e-01,4.615014962756927019e-01,7.967724905209991881e-01,8.107266232268388606e-01,5.725064181869300439e-01,7.864961206733165344e-01,4.679187783951166413e-01,6.910096970389434379e-01,4.422086508743469091e-01,8.612294228359189674e-01,6.330244617686104913e-01,7.283038885919889127e-01,9.437432678956833021e-01,9.894184425587978504e-01,9.343426419935071392e-01,9.937315214418438458e-01,7.123618354641455541e-01,4.039174896116224933e-01,7.779398285618976949e-01
6.862594063325394567e-01,2.998457687661770232e-01,4.126499839993128527e-01,4.249811295913014653e-01,7.691080290973736355e-01,4.341484316933926779e-01,4.256279552510802144e-01,6.538841323320595533e-01,5.376454960858306764e-01,2.760076909133407641e-01,9.188705275462307753e-01,4.380775179476124603e-01,4.028565393353036317e-01,4.862265169460540104e-01,6.404750861242506366e-01,4.337755843420043056e-01,5.005575837559356200e-01,3.836409995702353415e-01,5.565477043245929956e-01,2.573185840443059647e-01,7.642461960646187435e-01,5.671343287798398247e-01,5.773997725209492060e-01,8.688841693690029233e-01,9.707347483707058355e-01,7.771988570516945583e-01,9.726667178052350593e-01,5.805539497399980764e-01,2.567817083321922711e-01,7.225191793629365256e-01
5.667579518401807404e-01,2.193245125524463657e-01,3.193520777578788272e-01,4.011362230917885907e-01,7.256868635984261573e-01,2.790021917152611386e-01,3.060409329726500038e-01,4.642512547638951159e-01,4.713283400820237334e-01,1.924671548868930326e-01,8.802484793214441217e-01,4.072252256799461789e-01,3.738505273952545394e-01,3.141609499411479045e-01,5.323399327385451851e-01,3.654901113732266227e-01,3.402194919674427775e-01,3.428612902942018703e-01,4.830675163348460144e-01,1.850447353970753883e-01,6.994227692714702904e-01,5.323926634066276087e-01,4.920143800050380545e-01,8.048608960188422534e-01,9.513195570529661138e-01,6.298645326272005462e-01,9.431719948157240019e-01,5.070017555675429000e-01,1.967633062003997790e-01,6.911531954147764889e-01
3.368701900381452785e-01,1.145234827962722385e-01,1.824772108080673916e-01,3.585293937336838654e-01,6.338637804718895152e-01,9.895316128710603121e-02,1.450861867547327821e-01,1.711633773961228067e-01,3.534999210215716281e-01,9.125856714734589814e-02,7.683976966816389309e-01,3.524735922745622640e-01,3.228920958868362612e-01,1.075545304255084572e-01,3.330074571038962872e-01,2.542033334240598741e-01,1.317987689465417167e-01,2.738355843637189091e-01,3.519600064580713505e-01,9.447919855051838123e-02,5.583488745621030258e-01,4.678873904755123658e-01,3.396089604197033429e-01,6.328432631592948443e-01,8.806935117323289042e-01,3.123508469955064148e-01,8.030939797609428776e-01,3.731862009978590411e-01,1.151248766967187115e-01,6.287330355233415879e-01
5.875161923704906863e-01,2.315036107026051115e-01,3.340469943580617884e-01,4.050533568114061400e-01,7.332124575745944117e-01,3.023477786266302036e-01,3.245789849581031117e-01,4.964359264826390672e-01,4.822961572895709259e-01,2.048380450977888012e-01,8.875872259101438289e-01,4.122875343361464551e-01,3.785946886866864980e-01,3.405930478176904530e-01,5.507401408598943116e-01,3.765016071076515147e-01,3.653217040602547150e-01,3.494701943192972116e-01,4.952627546650590906e-01,1.958239841900512312e-01,7.108301609402355448e-01,5.381730724836192303e-01,5.062477940798949527e-01,8.168915710110492556e-01,9.552178789843513984e-01,6.571055152088757234e-01,9.495709112306291999e-01,5.192819496158235237e-01,2.059131751244820396e-01,6.964784018175390612e-01
6.911146624809871852e-01,3.037592430328014959e-01,4.169674089099200121e-01,4.260405500280055602e-01,7.709058400567869729e-01,4.415703735798646168e-01,4.312266604129415537e-01,6.616134424177682050e-01,5.405537024333594287e-01,2.801617709330120887e-01,9.202790357934304000e-01,4.394496301254017800e-01,4.041518143948476527e-01,4.942151229658552913e-01,6.450058779820441179e-01,4.368635673329528402e-01,5.078760178866151831e-01,3.854807321671666620e-01,5.597518897347215638e-01,2.608923941212953346e-01,7.668677172838292977e-01,5.686523101127044511e-01,5.810938508496982235e-01,8.712457064499914416e-01,9.713896962481399777e-01,7.826264438136335544e-01,9.735459975946872957e-01,5.837371191353606381e-01,2.596835870583630856e-01,7.238550721601683113e-01
5.352219613044711943e-01,2.019451238424506689e-01,2.979877078584878269e-01,3.952885005223463200e-01,7.141626778695647770e-01,2.461590018543578784e-01,2.794017758672528440e-01,4.166420755484084304e-01,4.549435070414468707e-01,1.750037040480206529e-01,8.684756116182353880e-01,3.996743235263489069e-01,3.667848861048902953e-01,2.767311587862159028e-01,5.046097749089508699e-01,3.492478517320645182e-01,3.042456622377597286e-01,3.330687852030949636e-01,4.648301220651899213e-01,1.697556431129554344e-01,6.818544621079748458e-01,5.237125076742061847e-01,4.707111213299808861e-01,7.857231300504876614e-01,9.448688444929941310e-01,5.874868253072296209e-01,9.321391423762850348e-01,4.885836062916459888e-01,1.836291336172130306e-01,6.830754421259147557e-01
6.564902323426387021e-01,2.771298885259649292e-01,3.872122288566394177e-01,4.186804553316328392e-01,7.581872711634416451e-01,3.906225595211801904e-01,3.926937728828260865e-01,6.062263923041107949e-01,5.202630331839779299e-01,2.520511014487364365e-01,9.099945109717815228e-01,4.299185935116656143e-01,3.951639644723944356e-01,4.388901895157115707e-01,6.129681971657703343e-01,4.154822410222156481e-01,4.570342319721851787e-01,3.727447883499566128e-01,5.373585803058664734e-01,2.366872924909233233e-01,7.481994682191658308e-01,5.580603139648908639e-01,5.552127901635789398e-01,8.540349823603362589e-01,9.665185643612891342e-01,7.428659916006022934e-01,9.668062752691785056e-01,5.614482140755936435e-01,2.399284430935798296e-01,7.144738203475083926e-01
8.264457222686109050e-01,4.476840430038309671e-01,5.641378572569161198e-01,4.617051353531391733e-01,8.252042636031678979e-01,6.837187760026549599e-01,6.190934749913248325e-01,8.600461667996770476e-01,6.348175617028478657e-01,4.369594281422707338e-01,9.561168933824758520e-01,4.856148495012581612e-01,4.480113347425029868e-01,7.394362582933028394e-01,7.782065848068600022e-01,5.411755076134364684e-01,7.326162739857638995e-01,4.484111090592453608e-01,6.622829320568939249e-01,3.964148417227396082e-01,8.426213116564272854e-01,6.183784085268304587e-01,6.969444179871076006e-01,9.314211698353718205e-01,9.866440511340842656e-01,9.117898046560807268e-01,9.912178388914126836e-01,6.845105054225910646e-01,3.676438797605289799e-01,7.660664641568600830e-01
4.141192134599344654e-01,1.449887340790632639e-01,2.243955193837644524e-01,3.731935080855022235e-01,6.674992123700499436e-01,1.456547598276092814e-01,1.915151686426478650e-01,2.541508937106264354e-01,3.934162922868134071e-01,1.195657423930160806e-01,8.141301561146561117e-01,3.712372346134258927e-01,3.402860702556581574e-01,1.611486660588281328e-01,3.996749101360084211e-01,2.904721638591216681e-01,1.887526492343654660e-01,2.969486351310966499e-01,3.962938099612974829e-01,1.204055848208650248e-01,6.100460096402027244e-01,4.904008214521582976e-01,3.907973055376002813e-01,7.003821470283146944e-01,9.120542981489920820e-01,4.187434631144862363e-01,8.694196666356713843e-01,4.187987958879449968e-01,1.396184757733361093e-01,6.511545269679633874e-01
3.700450349450032927e-01,1.271687727358949971e-01,2.001148440153254493e-01,3.649470379317096835e-01,6.488388555161206384e-01,1.175842313374935721e-01,1.642375572288832242e-01,2.046989065731878443e-01,3.708387507761430335e-01,1.028782914055483555e-01,7.894210278581046403e-01,3.606726097904350836e-01,3.304841051468411228e-01,1.288757815216954039e-01,3.616844658082368769e-01,2.697783898674712688e-01,1.548084363900204263e-01,2.838604544600510926e-01,3.711926971206800929e-01,1.052009723683149794e-01,5.813081812034495144e-01,4.777766899049071259e-01,3.617394127061010489e-01,6.633847629220862574e-01,8.955293880374955995e-01,3.574756294886690111e-01,8.349683204486623156e-01,3.930185198804577729e-01,1.253995523592049133e-01,6.386676391293287791e-01
5.891696100014452986e-01,2.325011614216070110e-01,3.352408069175356053e-01,4.053682312256158271e-01,7.338106471537919617e-01,3.042686023874777712e-01,3.260917792995323694e-01,4.990235248079466501e-01,4.831771848590583063e-01,2.058559332263377173e-01,8.881587936841887077e-01,4.126945955608057326e-01,3.789764210878281969e-01,3.427606383362606923e-01,5.522113970147840556e-01,3.773909874447639590e-01,3.673703969279903392e-01,3.500031029398772420e-01,4.962418368927391521e-01,1.967092606063391980e-01,7.117343817449381937e-01,5.386365156431123236e-01,5.073898662577278618e-01,8.178316188721729274e-01,9.555174833869025663e-01,6.592500986507544569e-01,9.500537517349434413e-01,5.202666001313106525e-01,2.066609247788661341e-01,6.969034890035477048e-01
3.044116500191021979e-01,1.026955782889312635e-01,1.656525303314025921e-01,3.519937498435015133e-01,6.182177237011817761e-01,8.260671773424939357e-02,1.273932309752124070e-01,1.414288691789281904e-01,3.360934772153826300e-01,8.057169988195889143e-02,7.453361319723716960e-01,3.441464741429285934e-01,3.151945916306179152e-01,8.895672984118230264e-02,3.048037957895428640e-01,2.388439488657529419e-01,1.112631923739760553e-01,2.637772058852865809e-01,3.327046482720849574e-01,8.450120895044729852e-02,5.345188643531266770e-01,4.577618991962183470e-01,3.175981292021913815e-01,6.003437915510074774e-01,8.636039479311428124e-01,2.694631552254887485e-01,7.657586250799502947e-01,3.532623318218678921e-01,1.053471487422275032e-01,6.184203745964735877e-01
8.629176732640172487e-01,5.047128551938211416e-01,6.170790740064177049e-01,4.750034695460298440e-01,8.425229798275095661e-01,7.581444246458718395e-01,6.829738033722778656e-01,9.036825812266587876e-01,6.675634943873426375e-01,5.003762683669888967e-01,9.649758657998307454e-01,5.027782286847827242e-01,4.644632638136186320e-01,8.079904124898628082e-01,8.173380150090282514e-01,5.792979099565507273e-01,7.971761648182383864e-01,4.722050042516646728e-01,6.971163862535625366e-01,4.523961868136636144e-01,8.650486060371828101e-01,6.361995950376926334e-01,7.348918544257152519e-01,9.461484676683752371e-01,9.899451994248975595e-01,9.385083264364865174e-01,9.941782283274774867e-01,7.182604615724310637e-01,4.120169514790889553e-01,7.804811354848635307e-01
2.046829713054760802e-01,6.894445101195852132e-02,1.157078051049555828e-01,3.291822117234496359e-01,5.607002973430037507e-01,4.251920870886788384e-02,7.869596059647641917e-02,6.859893032156282044e-02,2.778523629683811724e-01,5.118801515771683602e-02,6.519015529524309072e-01,3.152915125026786169e-01,2.886182468940815538e-01,4.411438794891921200e-02,2.163455406470642939e-01,1.894597848829973619e-01,5.928803338189833627e-02,2.299386367710874735e-01,2.688309483457646532e-01,5.629878686871625515e-02,4.491458745769825733e-01,4.220473398473938431e-01,2.459813166994258282e-01,4.793080915594375990e-01,7.856887494168285357e-01,1.494839898468136585e-01,5.979186100234338275e-01,2.866921414558808445e-01,7.625663584452078980e-02,5.808852043338070814e-01
5.221392958812693941e-01,1.950943367863671452e-01,2.894336066195883905e-01,3.928891638491802119e-01,7.093338679858847140e-01,2.334168859368564164e-01,2.688547551734201679e-01,3.974306057052121588e-01,4.482229518848140359e-01,1.681845802423520553e-01,8.633491221224246503e-01,3.965786782539194588e-01,3.638918373951755547e-01,2.621445654440159312e-01,4.931733296827996438e-01,3.426577120328518355e-01,2.900709898694025513e-01,3.290774624170561546e-01,4.573449853986142344e-01,1.637586491323600735e-01,6.744632812900129837e-01,5.201338138785200904e-01,4.619655909722998333e-01,7.774560731129240843e-01,9.419851152188148946e-01,5.696124367948154354e-01,9.270421557441649307e-01,4.810057263280673734e-01,1.784219554402587671e-01,6.797165492800724129e-01
2.663628685161070764e-01,8.941470223599491673e-02,1.463587727355009638e-01,3.438845418972241719e-01,5.982704645413887690e-01,6.561138295495194672e-02,1.078613300747599257e-01,1.104000876177406998e-01,3.149053037152940160e-01,6.880007477550759143e-02,7.143921955397821710e-01,3.338493953606097575e-01,3.056937948961820917e-01,6.977874797466257495e-02,2.714531724313062888e-01,2.205205406603914509e-01,8.953212169484574268e-02,2.515168505828058731e-01,3.093554723973899745e-01,7.335594098450730349e-02,5.044570151318027440e-01,4.451280530974559557e-01,2.911425599597334823e-01,5.583850975859572241e-01,8.393384327588255811e-01,2.212927214580236168e-01,7.124651300252299313e-01,3.290120221985028404e-01,9.413820426438482269e-02,6.053508598964929543e-01
9.605572810455609289e-01,7.555408629440401036e-01,8.234264461770101073e-01,5.396270981425785873e-01,9.075091283374281392e-01,9.499781214899505333e-01,8.941046051362774305e-01,9.864817599765487444e-01,8.016157390087101930e-01,7.751660182993420634e-01,9.885002424491025064e-01,5.851602158537789755e-01,5.446589946111628500e-01,9.659990528331400261e-01,9.356676444000637805e-01,7.446679342335281726e-01,9.576187692695738995e-01,5.873671559495938777e-01,8.333827293219434607e-01,7.152854608688976601e-01,9.388010706613056922e-01,7.167639300529600188e-01,8.727052429578000536e-01,9.839225849508429489e-01,9.974827637846167550e-01,9.901900773953757895e-01,9.992139398117584337e-01,8.478220103490612392e-01,6.340030353415406772e-01,8.411940009500316062e-01
7.535874553793301400e-01,3.605040157527328315e-01,4.775649673630452674e-01,4.407249764454865826e-01,7.947041192817286825e-01,5.452040073725520353e-01,5.096614357246123106e-01,7.584684980087070816e-01,5.803191383171134587e-01,3.411628413118554803e-01,9.375530268881573370e-01,4.584692839125041885e-01,4.221546913991991445e-01,6.030004430019341166e-01,7.046283785460815130e-01,4.798726580858301838e-01,6.071854094677030522e-01,4.111813456482074081e-01,6.033495810088314038e-01,3.133638718652376753e-01,8.009534738923399511e-01,5.894558486788784579e-01,6.309796048129854285e-01,9.002742706139050810e-01,9.790941313177751182e-01,8.477923554714548171e-01,9.831962549556453324e-01,6.268458564201595529e-01,3.018381037763192554e-01,7.418775969038226004e-01
1.816590368329634164e-01,6.155546668927653481e-02,1.043449068681060882e-01,3.229639131457142098e-01,5.443133886123712184e-01,3.518759935580915293e-02,6.853046102943566309e-02,5.558728998561983381e-02,2.627811202115036826e-01,4.500993638263084407e-02,6.231762653241645911e-01,3.074904672321485677e-01,2.814575913648885708e-01,3.610392574739288568e-02,1.953008699092164957e-01,1.771833118557946396e-01,4.948245858762147231e-02,2.210749248373734821e-01,2.524862002564156604e-01,5.017818519783674713e-02,4.256811711167463597e-01,4.122272375421212054e-01,2.280896629237937623e-01,4.454154247518024023e-01,7.589515343846252593e-01,1.250858102824663753e-01,5.442346038551464371e-01,2.695418413736562768e-01,6.957415138340874994e-02,5.702413086693468580e-01
4.043786010913022477e-01,1.409403770754579233e-01,2.189361778536084435e-01,3.713916203178490028e-01,6.634785786709425093e-01,1.391048606577105773e-01,1.852956781447736012e-01,2.427458801433193258e-01,3.884580738950116352e-01,1.157441600531293052e-01,8.089480149415415600e-01,3.689262079446079534e-01,3.381399678566842648e-01,1.536077536932121124e-01,3.912824015563453606e-01,2.858875465088561163e-01,1.809058422957141865e-01,2.940695172048742867e-01,3.907770021772141722e-01,1.169415832326929638e-01,6.038466337884049739e-01,4.876507157569011652e-01,3.843964497811126479e-01,6.925255103878500407e-01,9.086706879975637863e-01,4.051159996453216894e-01,8.624815896458967179e-01,4.131428195965046180e-01,1.364120265538622256e-01,6.484528209257449660e-01
2.470247250684511897e-01,8.287187462233723545e-02,1.366875035641105796e-01,3.395200576769182854e-01,5.872999312934520377e-01,5.780459522809336392e-02,9.839945642211024579e-02,9.618211042077724759e-02,3.037113989040350348e-01,6.309671610271379294e-02,6.966816128372407269e-01,3.283246942109396826e-01,3.006041642459945096e-01,6.104180336258106798e-02,2.543394324980320920e-01,2.110052014234318207e-01,7.940692452456525607e-02,2.450221008397588940e-01,2.970673315453558061e-01,6.788798284675356953e-02,4.881110538291921208e-01,4.382985257808447166e-01,2.773388239373266173e-01,5.352135227985520549e-01,8.247636528085290353e-01,1.978605682218778083e-01,6.806918055045186877e-01,3.162102384288501544e-01,8.851132979841412618e-02,5.981913820050565045e-01
6.449240855245012005e-01,2.688472305218835845e-01,3.777721859180885322e-01,4.163119736883179600e-01,7.539801768714173846e-01,3.746173298481313418e-01,3.805104284519622571e-01,5.876640945242490588e-01,5.136951319876646993e-01,2.433861583049005128e-01,9.064270224755492933e-01,4.268524421448204320e-01,3.922772097020677529e-01,4.212839954645214435e-01,6.023976709835534571e-01,4.086431952629767661e-01,4.407600368571961136e-01,3.686697730221270008e-01,5.300926909862587744e-01,2.292124128393936699e-01,7.419653791180716995e-01,5.546291580034199420e-01,5.467862739031597030e-01,8.480853172455640188e-01,9.647815127568944993e-01,7.290598758682280689e-01,9.642957512909340334e-01,5.541949561779180300e-01,2.337750616370794232e-01,7.114047840239147158e-01
7.947914187901874428e-01,4.062577046754710097e-01,5.239115311139432851e-01,4.518953526628032846e-01,8.114416424862599397e-01,6.214801129038848293e-01,5.688425440513129594e-01,8.179388346169100821e-01,6.097276109337756989e-01,3.911978614741847826e-01,9.482213367840971463e-01,4.729297201695263908e-01,4.359041299517674162e-01,6.794880075619593729e-01,7.455933343664541413e-01,5.126167679251059095e-01,6.771849905035897121e-01,4.309431655018643448e-01,6.352857349499819728e-01,3.565760275114165379e-01,8.241348666868899553e-01,6.049753741246913785e-01,6.669714578104473102e-01,9.182019879090147496e-01,9.835317804012637666e-01,8.856664720767293275e-01,9.881051812773817833e-01,6.581819191061561991e-01,3.361406926427187858e-01,7.549808001651399092e-01
4.816682221713989853e-01,1.750750751194239674e-01,2.639867388206017518e-01,3.855205031274388516e-01,6.941393068085689455e-01,1.970571480757463689e-01,2.379468374222088178e-01,3.403431436421748835e-01,4.276201653635804401e-01,1.484828646339123315e-01,8.464689140205656770e-01,3.870820685315597975e-01,3.550297470369585540e-01,2.203731272661117457e-01,4.579906229896311687e-01,3.227151207479634354e-01,2.489100397482648108e-01,3.169210344528819445e-01,4.343898105534306220e-01,1.463304148766761958e-01,6.511214187211293858e-01,5.090826226826389300e-01,4.351569211209413424e-01,7.505399232558795930e-01,9.321743893342799847e-01,5.135221205228480690e-01,9.090251563659011991e-01,4.576991451138389122e-01,1.630876499469838814e-01,6.692379204044802687e-01
4.882556959769044913e-01,1.782208612150340543e-01,2.680310193432977051e-01,3.867168568426461728e-01,6.966435964728352470e-01,2.026728219082498950e-01,2.428087029493646853e-01,3.493772776431926519e-01,4.309597574640428030e-01,1.515557008167280895e-01,8.493293605853561301e-01,3.886227550207183024e-01,3.564661728682519959e-01,2.268359847668587059e-01,4.637001655609413464e-01,3.259210568126452157e-01,2.553387125995592033e-01,3.188840471705218227e-01,4.381110866913721646e-01,1.490595977147234352e-01,6.549755944150636999e-01,5.108829605497581250e-01,4.395005793498908964e-01,7.550670251791348209e-01,9.338706413439838983e-01,5.227164242234966229e-01,9.122099388794747687e-01,4.614842282884855651e-01,1.655101371778879005e-01,6.709559755319276508e-01
5.136715419149170403e-01,1.907636518182974361e-01,2.839863536873471483e-01,3.913421041326214933e-01,7.061893520011367498e-01,2.254339181928840252e-01,2.621775318762861184e-01,3.851834715600934711e-01,4.438918406241213477e-01,1.638936667283920623e-01,8.599491128993841382e-01,3.945834955655487808e-01,3.620283435305219344e-01,2.529904701870147044e-01,4.857892699613799992e-01,3.384328022359064381e-01,2.811259069286325962e-01,3.265123653545902727e-01,4.525201392558774183e-01,1.599763508531222012e-01,6.696422507761842224e-01,5.178211180462384267e-01,4.563286972627719762e-01,7.719964144415849550e-01,9.400478006616199700e-01,5.579665807689599966e-01,9.235646858996728881e-01,4.761153935550326288e-01,1.751203760039994894e-01,6.775369781848379347e-01
4.277932738877625596e-01,1.507860444122864074e-01,2.321571303184488677e-01,3.757083531319089786e-01,6.730571231666786503e-01,1.551987061785997657e-01,2.004386918495254799e-01,2.706091285746528019e-01,4.003567370753290389e-01,1.250682130320179275e-01,8.211641880652940095e-01,3.744649679363055150e-01,3.432852746250999454e-01,1.721432412174903059e-01,4.114585822862347753e-01,2.969275971079864962e-01,2.001096730925069345e-01,3.009845467596005686e-01,4.040193862494074195e-01,1.253761418153759855e-01,6.186188562795710277e-01,4.942310480532164374e-01,3.997725024454188425e-01,7.111278250086089381e-01,9.165770003134811050e-01,4.379226027962496159e-01,8.785828278392283641e-01,4.267096513694554893e-01,1.441880988965540122e-01,6.549002771581295956e-01
2.667037017140667099e-01,8.953118479159981324e-02,1.465299306675456048e-01,3.439598257819851401e-01,5.984582858069127376e-01,6.575384581103960180e-02,1.080308232868793517e-01,1.106599667091840572e-01,3.150997339474277958e-01,6.890220593172437236e-02,7.146912642121251436e-01,3.339448018429223564e-01,3.057817355920749991e-01,6.993866183650576662e-02,2.717536918652306843e-01,2.206868233260678436e-01,8.971601779273645494e-02,2.516295260185014149e-01,3.095692188824113456e-01,7.345342379063264648e-02,5.047381118517121346e-01,4.452456805113728100e-01,2.913834384890882645e-01,5.587816259590807633e-01,8.395802612974817558e-01,2.217125090654721020e-01,7.129947696776423038e-01,3.292344640559053404e-01,9.423770992299393412e-02,6.054735870071219495e-01
4.305969586929960236e-01,1.519917884036345868e-01,2.337632162018225823e-01,3.762221847640288552e-01,6.741850013343451131e-01,1.572071373550839590e-01,2.022967811332131161e-01,2.740475710320994795e-01,4.017775391788800943e-01,1.262169728068384678e-01,8.225732154737539492e-01,3.751247764595496692e-01,3.438986297306363960e-01,1.744576322159826776e-01,4.138753255608951243e-01,2.982545734980615593e-01,2.024883029745819241e-01,3.018116572879115944e-01,4.056013199679803782e-01,1.264114233838904700e-01,6.203587821246142608e-01,4.950124726236176942e-01,4.016118585739467672e-01,7.132915298723478958e-01,9.174732413658214236e-01,4.418597973910183274e-01,8.803825800323956674e-01,4.283281382969713613e-01,1.451353879643136058e-01,6.556620336967784457e-01
3.329037007276455240e-01,1.130508022395898260e-01,1.804000219103742420e-01,3.577459918948451278e-01,6.320091653244781504e-01,9.685900183663909147e-02,1.428703634114853183e-01,1.673668985439475954e-01,3.513993528080186501e-01,8.991808833089671993e-02,7.657217524502089034e-01,3.514742069057374962e-01,3.219675831890687623e-01,1.051653577202501383e-01,3.295701509445194133e-01,2.523351170880687167e-01,1.291867249419346997e-01,2.726217891554820749e-01,3.496332810151792092e-01,9.323417695202469713e-02,5.555146764972799245e-01,4.666765079597734456e-01,3.369409976627718573e-01,6.290182711151381945e-01,8.787542035863896706e-01,3.070350835263749301e-01,7.988822210245120070e-01,3.707823059555512279e-01,1.139168402496623794e-01,6.275072990784638094e-01
8.908250821925146612e-01,5.576509995275210629e-01,6.639493422805122780e-01,4.873985288041190467e-01,8.573470880591947951e-01,8.157790223889221926e-01,7.368032441172571723e-01,9.329063191152539014e-01,6.966261066507861699e-01,5.593638608557019998e-01,9.716472323539484535e-01,5.187291195012542211e-01,4.798282276345391950e-01,8.585444915335568306e-01,8.487047021240081701e-01,6.139191464212837568e-01,8.460767130040006689e-01,4.944411258458057956e-01,7.275957656704116205e-01,5.055741527985506689e-01,8.834192273242561511e-01,6.524394766917231969e-01,7.673200741740362485e-01,9.571189745720710684e-01,9.922834602653890501e-01,9.563815537254809485e-01,9.960310600602384490e-01,7.475851517856990647e-01,4.546092625884192162e-01,7.932990444511968109e-01
4.147476005869825677e-01,1.452521827753046058e-01,2.247496607483556175e-01,3.733094305357366194e-01,6.677567804235550186e-01,1.460843276408302915e-01,1.919202719849145145e-01,2.548958102417581140e-01,3.937357048531762160e-01,1.198150346996567500e-01,8.144594567525056394e-01,3.713859596548053088e-01,3.404242186975253714e-01,1.616433781376182544e-01,4.002163462038714203e-01,2.907682831630570286e-01,1.892657611636200388e-01,2.971342225495532396e-01,3.966492773733112376e-01,1.206312062940916308e-01,6.104432329953880521e-01,4.905775833020217247e-01,3.912099816955854625e-01,7.008831249226677995e-01,9.122678324006447959e-01,4.196237474090553921e-01,8.698552208270253772e-01,4.191630345716113593e-01,1.398266877119526963e-01,6.513278271318903023e-01
7.077445766581006437e-01,3.176539661733936426e-01,4.321472453153483717e-01,4.297471040201099046e-01,7.771093522747553051e-01,4.676845537037014333e-01,4.509160800129031754e-01,6.879283110481331232e-01,5.506911308267048444e-01,2.949702605428067281e-01,9.250261766265953645e-01,4.442504957291092405e-01,4.086874833546627617e-01,5.221213674321679710e-01,6.606279190469936946e-01,4.476889666347546037e-01,5.333974510132859503e-01,3.919336056281538805e-01,5.709056064146015297e-01,2.736276701118209309e-01,7.758664505657523192e-01,5.739453649322079354e-01,5.939260792928667820e-01,8.792130872336568759e-01,9.735680193619209444e-01,8.008338273724964207e-01,9.764070043932163712e-01,5.948017985819843423e-01,2.699876002702108480e-01,7.284909025790682335e-01
6.752403015677200804e-01,2.911889935185434930e-01,4.030326195703647363e-01,4.226115639465618523e-01,7.650469749407338149e-01,4.176418610255763775e-01,4.131632213801084696e-01,6.362852782841891264e-01,5.311249246213457509e-01,2.668460676433213608e-01,9.156342619863371279e-01,4.350087769219169731e-01,3.999613096274220458e-01,4.683713462648007031e-01,6.302401945767409641e-01,4.268804496142838412e-01,4.841752016439043182e-01,3.795339050541645110e-01,5.493567354178555684e-01,2.494335336984789819e-01,7.583029341303575421e-01,5.637309868519156941e-01,5.690977392087526177e-01,8.634631304937803176e-01,9.692151557737440637e-01,7.646986700294453598e-01,9.705937918239443407e-01,5.734027488394138894e-01,2.503617058164291365e-01,7.195136827454532424e-01
6.601887878154211187e-01,2.798394635516009976e-01,3.902809634622020907e-01,4.194465376679540336e-01,7.595360953419885153e-01,3.958465827798465786e-01,3.966598493530200109e-01,6.121618045663103080e-01,5.223837863799143388e-01,2.548941344232033002e-01,9.111207402648784370e-01,4.309104529946795603e-01,3.960982728030708055e-01,4.446141689286567389e-01,6.163615175888875752e-01,4.176991024629890248e-01,4.623139343531079692e-01,3.740653627492930289e-01,5.397030079396075708e-01,2.391381278101500363e-01,7.501922574148049971e-01,5.591677794795761880e-01,5.579289280261160444e-01,8.559156344448580755e-01,9.670619298253707585e-01,7.472272346677896193e-01,9.675803836198777486e-01,5.637863493030689233e-01,2.419401789227679234e-01,7.154612509588156311e-01
3.991798027288901429e-01,1.388062755755212208e-01,2.160450570489184097e-01,3.704257570463059812e-01,6.613102723566222085e-01,1.356915355012316970e-01,1.820216920128241156e-01,2.367684445984363784e-01,3.858057037195044559e-01,1.137366674463823890e-01,8.061208110748694367e-01,3.676880148945897431e-01,3.369905803414230405e-01,1.496799676882122065e-01,3.868029736467957780e-01,2.834443020534678226e-01,1.767992992072201230e-01,2.925306162024921552e-01,3.878267172648197092e-01,1.151178477316259774e-01,6.005045775546715703e-01,4.861746347629956055e-01,3.809764739172960546e-01,6.882608139926068569e-01,9.068062863331696200e-01,3.978586450858611623e-01,8.586306322503742816e-01,4.101157691386858040e-01,1.347163779197828037e-01,6.469984806973051450e-01
2.301080512858395544e-01,7.724727859131129415e-02,1.282810297691373280e-01,3.355337955179519271e-01,5.771428103000294518e-01,5.140800384551091201e-02,9.036497116539067564e-02,8.458447429016434371e-02,2.936270121687731827e-01,5.824801645370222825e-02,6.798758250471886866e-01,3.232900493039146950e-01,2.959706407831126929e-01,5.392583447569160304e-02,2.392552144307127926e-01,2.025306494995570694e-01,7.103738089341302131e-02,2.391553403379134135e-01,2.860292962646368564e-01,6.319944369208904678e-02,4.731137651755380480e-01,4.320439649986232977e-01,2.650176220243141145e-01,5.137859558841757490e-01,8.104721399948747740e-01,1.780234219178406241e-01,6.499302455380679966e-01,3.046878921694707865e-01,8.361086224078455309e-02,5.915759768505116645e-01
7.565572958428409267e-01,3.635457232156988350e-01,4.807125370550462962e-01,4.414826099906006274e-01,7.958760748047830624e-01,5.505006095986006986e-01,5.137123734016360022e-01,7.629007688564668488e-01,5.823391589562828541e-01,3.444686239668623418e-01,9.383390647143428076e-01,4.594504190089878648e-01,4.230858632499814864e-01,6.084141401532597859e-01,7.075320701151551761e-01,4.820964156006928847e-01,6.121257415646567113e-01,4.125165352675148611e-01,6.055523309899601969e-01,3.162113189844668604e-01,8.025995872294865441e-01,5.905169586496497036e-01,6.334786786931257963e-01,9.015963124511738869e-01,9.794297771073596781e-01,8.506633259219507082e-01,9.835854081344831412e-01,6.290138156400146840e-01,3.041067497630050576e-01,7.427827184444872888e-01
4.107153622225528378e-01,1.435665303624068523e-01,2.224813478985081527e-01,3.725649254932253407e-01,6.661002576205806713e-01,1.433427466579606235e-01,1.893290030525314749e-01,2.501350680124864168e-01,3.916851903349944930e-01,1.182212231552470377e-01,8.123359613504556043e-01,3.704308816597150500e-01,3.395371392582571812e-01,1.584863300153028509e-01,3.967421193347890340e-01,2.888689340194546817e-01,1.859878052314399288e-01,2.959430595369495487e-01,3.943674468115619391e-01,1.191880100336328158e-01,6.078886862081702702e-01,4.894419962705526261e-01,3.885614239022527339e-01,6.976561846417462798e-01,9.108877515975294381e-01,4.139773902109037951e-01,8.670353176369995918e-01,4.168244864956394125e-01,1.384935250125717832e-01,6.502137414836035578e-01
3.006228799953548636e-01,1.013465053955163175e-01,1.637125544634183694e-01,3.512103414850882843e-01,6.163161027088382982e-01,8.081279543807493027e-02,1.253915602193020618e-01,1.381551796555492151e-01,3.340258443691049295e-01,7.936458341553381812e-02,7.424591790079184683e-01,3.431499604321954777e-01,3.142742924364222978e-01,8.692381545169712564e-02,3.014987844366309733e-01,2.370378528594818124e-01,1.089884093473234283e-01,2.625820138583854768e-01,3.304214798944684062e-01,8.336624938650773198e-02,5.316361922121402017e-01,4.565446846350765253e-01,3.149991760267825680e-01,5.963632196249115669e-01,8.614123343807489341e-01,2.645561294197616986e-01,7.609459157778848404e-01,3.508954044759779456e-01,1.042203630140777354e-01,6.171709941978623659e-01
5.232342011641438750e-01,1.956601382539406575e-01,2.901429928987437346e-01,3.930895119509209001e-01,7.097393155145536037e-01,2.344641253284880655e-01,2.697266051718668067e-01,3.990251805240778160e-01,4.487839882601892261e-01,1.687463269773393504e-01,8.637839714087459653e-01,3.968371089281414466e-01,3.641332744016096412e-01,2.633445886909782097e-01,4.941291163640058048e-01,3.432062615185240695e-01,2.912407168733922025e-01,3.294101369120544520e-01,4.579699273028171036e-01,1.642532996341434792e-01,6.750844617160095540e-01,5.204330168133698420e-01,4.626957496443439566e-01,7.781556939953916396e-01,9.422314700968459356e-01,5.711140841949691183e-01,9.274813441518885426e-01,4.816388235354193137e-01,1.788527230522014566e-01,6.799980170884658559e-01
8.400116493682863172e-01,4.675624392964986553e-01,5.828981154435354251e-01,4.663537641848679027e-01,8.314299299252407849e-01,7.111478592984035174e-01,6.420584588674519422e-01,8.769392768180457320e-01,6.464384030188323749e-01,4.590254741517144077e-01,9.594370246780000722e-01,4.916195130638557065e-01,4.537577420059601963e-01,7.651116104372962523e-01,7.925466149831044138e-01,5.545951826356891878e-01,7.566135439684291697e-01,4.567167584604844288e-01,6.746997842660042988e-01,4.157768212290693932e-01,8.507960068034308154e-01,6.246541743719732365e-01,7.105712532964182371e-01,9.369570391136071708e-01,9.879059435380814769e-01,9.221602187585249411e-01,9.923935950676227025e-01,6.965698088445920755e-01,3.829609190146338049e-01,7.711846617166899787e-01
2.200392200980199053e-01,7.393902130714874454e-02,1.232951655631738391e-01,3.330748767139104505e-01,5.708141915330426919e-01,4.778576542443336433e-02,8.568659673492511064e-02,7.804820293333135373e-02,2.874761778854418859e-01,5.542063955495731692e-02,6.692168860927403262e-01,3.201900319559099484e-01,2.931197715779041424e-01,4.991587606246126324e-02,2.302195227873145011e-01,1.974071423963824623e-01,6.626679790806587478e-02,2.355679413090300545e-01,2.793130055479368656e-01,6.044696157660733871e-02,4.638413761565027271e-01,4.281782540046124019e-01,2.575592938844686319e-01,5.004751290404032549e-01,8.011753560798897666e-01,1.665309550306830477e-01,6.301981493048858241e-01,2.976663756712116804e-01,8.069869512478031193e-02,5.874590266271860761e-01
6.744356996499595303e-01,2.905687236659967310e-01,4.023399379126982867e-01,4.224403480131225241e-01,7.647513936492220665e-01,4.164548698213044742e-01,4.122659472259481706e-01,6.349977030814815127e-01,5.306529572639623327e-01,2.661911052605357431e-01,9.153957460742225827e-01,4.347870543108593999e-01,3.997522123072211331e-01,4.670827546198197400e-01,6.294953812073431632e-01,4.263829021888307924e-01,4.829914231758881682e-01,3.792375651497659206e-01,5.488358910997364060e-01,2.488696340356282843e-01,7.578692199345296032e-01,5.634846409865416073e-01,5.684958194570969292e-01,8.630638877920383534e-01,9.691023526478693695e-01,7.637761659757610344e-01,9.704381143195444093e-01,5.728843878896944242e-01,2.499016190097584911e-01,7.192955749165298451e-01
3.496554549506067922e-01,1.193257354151616018e-01,1.892168083662310596e-01,3.610295670502343679e-01,6.397441616410586285e-01,1.058937675259462724e-01,1.523341827981767038e-01,1.837104282284287016e-01,3.602277596233292023e-01,9.564852548375984975e-02,7.767776678236124610e-01,3.556652399209329074e-01,3.258459082570793197e-01,1.154845008851740351e-01,3.440730105572319952e-01,2.602141305252292924e-01,1.404179161747557136e-01,2.777239049871221277e-01,3.594172200870967004e-01,9.854436109074096728e-02,5.673496951647846176e-01,4.717465326114673174e-01,3.481739509583637315e-01,6.449130023552311908e-01,8.866923086871284498e-01,3.296090110111735694e-01,8.160634144412733937e-01,3.808840268962084830e-01,1.190469936741633955e-01,6.326259401480417432e-01
5.149151696008964496e-01,1.913947414268414304e-01,2.847820976922808001e-01,3.915690680511922928e-01,7.066521922355895047e-01,2.265935492805212226e-01,2.631509868782807016e-01,3.869726069144045488e-01,4.445271061295056891e-01,1.645179922854342336e-01,8.604526138096562082e-01,3.948761591537089388e-01,3.623016359909013162e-01,2.543209107304230665e-01,4.868728978437929511e-01,3.390514043849788273e-01,2.824284353907979273e-01,3.268882625317394153e-01,4.532278634754383639e-01,1.605271094381195418e-01,6.703522183956150959e-01,5.181606591856831034e-01,4.571554968548265374e-01,7.728037372719306353e-01,9.403359346188053802e-01,5.596804427743412580e-01,9.240845184842981785e-01,4.768330030969170630e-01,1.756019987006698369e-01,6.778574139777210350e-01
6.650501071261146757e-01,2.834475513397062829e-01,3.943526020191174264e-01,4.204602524632252147e-01,7.613119598675750499e-01,4.027916722001963490e-01,4.019257095616103337e-01,6.199601052825201020e-01,5.251871616031946743e-01,2.586862127051736127e-01,9.125906054404686607e-01,4.322230051693309871e-01,3.973350294562714158e-01,4.522063269919350259e-01,6.208316792930955730e-01,4.206359301974735287e-01,4.693089742890140248e-01,3.758146613098325428e-01,5.428007238427081660e-01,2.424059069795425070e-01,7.528114538268916300e-01,5.606314608531548505e-01,5.615155902925508258e-01,8.583717395197696387e-01,9.677674453372794305e-01,7.529191843719590382e-01,9.685773614431970602e-01,5.668740902815478933e-01,2.446182189039047827e-01,7.167639318688489025e-01
7.964299409742009450e-01,4.082524863592165709e-01,5.258850401504945316e-01,4.523730065570262804e-01,8.121317614816037089e-01,6.246310842373213879e-01,5.713357602558694071e-01,8.202028045752849383e-01,6.109661244378705725e-01,3.933927791471698576e-01,9.486358110881346617e-01,4.735477412755855764e-01,4.364929911754585334e-01,6.825776884995389260e-01,7.472550133343027756e-01,5.140131133149595799e-01,6.800259580190964881e-01,4.317915248305301823e-01,6.366240867298493811e-01,3.584786941187748099e-01,8.250748073940449290e-01,6.056329425276139045e-01,6.684677324656259634e-01,9.188973579640176137e-01,9.836989152746522524e-01,8.870834580270393621e-01,9.882796211854382173e-01,6.594906203395609623e-01,3.376465197851864497e-01,7.555296304500328519e-01
8.295467966925695880e-01,4.521035682661130872e-01,5.683382123372427985e-01,4.627409589020234915e-01,8.266077394775662723e-01,6.899549191242916324e-01,6.242638464732293002e-01,8.639729894923198206e-01,6.374225291150698025e-01,4.418604346155475815e-01,9.568788500886544757e-01,4.869532386532161028e-01,4.492912994303656649e-01,7.453146534587504757e-01,7.814638976683535576e-01,5.441731862498132566e-01,7.380942664127801978e-01,4.502604567925325707e-01,6.650713692590822790e-01,4.007056859961803386e-01,8.444747779233940932e-01,6.197810460315900105e-01,7.000137324856783305e-01,9.326930842482751283e-01,9.869361803158382962e-01,9.142047989651385098e-01,9.914946643115499780e-01,6.872214031337904316e-01,3.710368458625516452e-01,7.672143746764571448e-01
4.606574536954701760e-01,1.653095005727678313e-01,2.513198120201350916e-01,3.817042767939790582e-01,6.860545285084537204e-01,1.798911891786683370e-01,2.228535693404986584e-01,3.122472620090951390e-01,4.169868023525964418e-01,1.390011957065837855e-01,8.370232862624300552e-01,3.821707149339993448e-01,3.504541147958029623e-01,2.006012289998502229e-01,4.398144102062522820e-01,3.125758944502868841e-01,2.290893918847700661e-01,3.106877687218288497e-01,4.225418503547130333e-01,1.378804984740877870e-01,6.386656814081916878e-01,5.033243572518475428e-01,4.213370588123933613e-01,7.356928409877541153e-01,9.264761620659449637e-01,4.840908068684809384e-01,8.981336787777428610e-01,4.456304763267104896e-01,1.555327509825757126e-01,6.637139191352695589e-01
5.162324867488694569e-01,1.920650649053776970e-01,2.856265837155462783e-01,3.918095683956485109e-01,7.071420670234251915e-01,2.278266746983396707e-01,2.641848119205214007e-01,3.888713776252440413e-01,4.452003143268237206e-01,1.651814947396347266e-01,8.609843753459871518e-01,3.951862938434824724e-01,3.625912635176920529e-01,2.557354207654843892e-01,4.880210448658778288e-01,3.397073614719867130e-01,2.838123395156105233e-01,3.272867366574169212e-01,4.539778440160412432e-01,1.611122637005641955e-01,6.711035224785080189e-01,5.185203561659613714e-01,4.580316789602156824e-01,7.736568239718161211e-01,9.406397731901577908e-01,5.614945838872960060e-01,9.246316959205082009e-01,4.775933543465439302e-01,1.761133739727731295e-01,6.781967063782815552e-01
8.559024917867364968e-01,4.928074219920306476e-01,6.062461892674044783e-01,4.722329155457004046e-01,8.390383011957880388e-01,7.436849428606137069e-01,6.701456559406753222e-01,8.957418772973049226e-01,6.608697214183820723e-01,4.871137304120957690e-01,9.632872764385909115e-01,4.992062209890302249e-01,4.610325055693699214e-01,7.949511235220170224e-01,8.096625107931862964e-01,5.714278566579571450e-01,7.847669966603481040e-01,4.672401269912340172e-01,6.900359834502651779e-01,4.405988621396901284e-01,8.606160942827095761e-01,6.325203541109936101e-01,7.272507849598367491e-01,9.433530572125340408e-01,9.893325190413937431e-01,9.336590503517585571e-01,9.936576891176986948e-01,7.114205830441989731e-01,4.026389571613233076e-01,7.775352845347973663e-01
8.610583314836488533e-01,5.015085427552494757e-01,6.141743929801999347e-01,4.742576329662255286e-01,8.415911765771919573e-01,7.543080108613403612e-01,6.795474111537637141e-01,9.016001461225605640e-01,6.657684105099416216e-01,4.968060106833375178e-01,9.645288966682487031e-01,5.018168568427042731e-01,4.635395512088828496e-01,8.045443265186323911e-01,8.152961350597807133e-01,5.771835191773355689e-01,7.938896316225904082e-01,4.708681551272606014e-01,6.952197368864599936e-01,4.492151779883973295e-01,8.638674572812645724e-01,6.352108945141130558e-01,7.328488211450767675e-01,9.454091576086457449e-01,9.897838113953570938e-01,9.372367464107740354e-01,9.940424571771595552e-01,7.164292618069758589e-01,4.094863268517212607e-01,7.796910440761213312e-01
6.161684538947442835e-01,2.494124126470043668e-01,3.552598841031011645e-01,4.105812438693259292e-01,7.435686276686205298e-01,3.369579419228753703e-01,3.515915506904170873e-01,5.416763327922993199e-01,4.977433539361024728e-01,2.232137967488335151e-01,8.972393156538343018e-01,4.194363919021794063e-01,3.853042663248212318e-01,3.794664978852066994e-01,5.763666338057235050e-01,3.921997132755317139e-01,4.018618296892717545e-01,3.588605139795570942e-01,5.124154413781023543e-01,2.117722921721502949e-01,7.264260180207774420e-01,5.462826334206043466e-01,5.262375515498631806e-01,8.328216097438990717e-01,9.601985428798887057e-01,6.936915523883063761e-01,9.574221702788578980e-01,5.365051731525483092e-01,2.193046219301948430e-01,7.038771414983366892e-01
5.187682894944698475e-01,1.933607890642077276e-01,2.872568408721579702e-01,3.922727923132599548e-01,7.080839545898159892e-01,2.302143193999751369e-01,2.661827278211706393e-01,3.925368707955106395e-01,4.464971205734307169e-01,1.664650912377942937e-01,8.620034799168344586e-01,3.957836861546023544e-01,3.631492133260089128e-01,2.584735233439973134e-01,4.902321123452929030e-01,3.409721187312881874e-01,2.864885000819192840e-01,3.280546880820950917e-01,4.554224940889877171e-01,1.622438124713313223e-01,6.725476711678320951e-01,5.192128873090595675e-01,4.597194674540333592e-01,7.752930261518710120e-01,9.412207260337135395e-01,5.649829904563034022e-01,9.256750778131884738e-01,4.790576768603907465e-01,1.771013077441364048e-01,6.788494741242757646e-01
2.284979421199730409e-01,7.671636179298041425e-02,1.274829812064051104e-01,3.351451762971454085e-01,5.761457685858946132e-01,5.081962362550075663e-02,8.961172210817108796e-02,8.352099212647476345e-02,2.926513004547647845e-01,5.779302598367964949e-02,6.782058925836739194e-01,3.227998192973767222e-01,2.955197016101475116e-01,5.327345270963684126e-02,2.378133552808618656e-01,2.017156064316300290e-01,7.026403825902784173e-02,2.385867618543171254e-01,2.849630401396673340e-01,6.275745886479097702e-02,4.716491675032822850e-01,4.314333861866481712e-01,2.638315544684057268e-01,5.116862989059517419e-01,8.090275307659894333e-01,1.761694530710712081e-01,6.468483755580356487e-01,3.035737101652160042e-01,8.314505297736968226e-02,5.909271522702839174e-01
5.652911710159590486e-01,2.184871919794885431e-01,3.183335535176265441e-01,4.008617420459339442e-01,7.251537007016242153e-01,2.774056184670907199e-01,3.047620994141989614e-01,4.620002015627519554e-01,4.705594103050296795e-01,1.916205694912790913e-01,8.797181186885544291e-01,4.068706213010902517e-01,3.735184261182224463e-01,3.123476736559610001e-01,5.310444967874028421e-01,3.647223060334623401e-01,3.384888649657200044e-01,3.423996474314897620e-01,4.822121051560726013e-01,1.843056272361260628e-01,6.986124865923435401e-01,5.319865841869476641e-01,4.910155363270078399e-01,8.039943601142082175e-01,9.510341505602479817e-01,6.279186143342829762e-01,9.426952573229494536e-01,5.061393030667841186e-01,1.961327399202678345e-01,6.907774755309904480e-01
