4.524950122001314412e-01,3.958991850691273573e-01,9.251863215004890728e-01,8.685563256057343695e-01,4.283738114425513777e-01,6.207673879494316482e-01,3.595465171286452710e-01,7.713760702427602256e-01,6.203173666035043388e-01,6.564060691737992892e-01,9.226210405192346586e-01,6.882378864654465911e-01,6.338507878950762064e-01,8.451709149663744203e-01,6.711529337683017626e-01,9.721049457266737193e-01,7.449712069088845201e-01,8.864904903893485733e-01,7.069340141438011926e-01,2.081757732695949659e-01,8.184632466720357380e-01,7.512539139797964616e-01,4.901563045582388312e-01,5.788498598663940342e-01,8.328840436691540283e-01,7.177479858798185841e-01,9.474759640376521075e-01,5.479225702613675919e-01,7.084502719592159492e-01,7.921948525952635656e-01
3.912330109859137317e-01,3.556388899741705911e-01,8.290321107040242721e-01,8.268016599090290963e-01,3.472257218247108423e-01,5.361561704684109086e-01,2.929625828806436960e-01,5.725958417358617547e-01,5.613483050200654967e-01,5.977029721220318281e-01,8.067260696880872439e-01,6.321563941295753608e-01,4.016579711028099853e-01,7.921447622811192968e-01,4.957827589515351185e-01,9.293613907788363937e-01,6.282542012816572097e-01,7.951685068637015519e-01,5.009994137823027271e-01,1.012950213236434721e-01,6.576888537052426598e-01,6.663744949072653023e-01,4.220116587121527929e-01,4.842029180040227088e-01,7.467518283892763398e-01,6.162070091190199328e-01,8.576188798156776372e-01,4.950408720349679936e-01,4.901861919206595974e-01,6.756462469744850541e-01
4.887953689207031327e-01,4.199342019834300110e-01,9.551069141542437579e-01,8.886147190227937642e-01,4.775522208225289611e-01,6.669529073261305507e-01,4.009923578158964275e-01,8.521244890936713334e-01,6.530440425407757488e-01,6.884788613380434796e-01,9.563439205307798785e-01,7.184958070029927590e-01,7.498408430967185012e-01,8.705064421935188035e-01,7.570559675050371196e-01,9.839444151814059625e-01,8.004481656548575463e-01,9.213239052078021629e-01,8.003535515547741674e-01,3.004547825356969626e-01,8.808253732539828018e-01,7.932989296360916098e-01,5.299808419502742840e-01,6.315797711435605644e-01,8.710595080731868833e-01,7.684891731943023219e-01,9.714791418369077558e-01,5.781552599366598377e-01,8.061447245415667151e-01,8.440197877315053221e-01
4.911589994774349655e-01,4.215082605336773480e-01,9.565924073077710643e-01,8.898190400976901948e-01,4.807688062780992588e-01,6.698525878836284475e-01,4.037384834676008838e-01,8.564475934037758531e-01,6.551221486562169849e-01,6.905028436395083125e-01,9.579623682873937840e-01,7.203963872920045031e-01,7.564631229633370646e-01,8.720218598070169636e-01,7.620707286635525213e-01,9.845129160727845719e-01,8.037146668552891393e-01,9.232081947241050912e-01,8.055680354002735521e-01,3.071907877950110777e-01,8.841512383678705733e-01,7.958367452222946392e-01,5.325571905392731953e-01,6.349093007933861443e-01,8.732598825321231661e-01,7.715511680752781265e-01,9.725999780597984756e-01,5.800993364503781446e-01,8.115347309435833045e-01,8.469882932076835402e-01
4.875894701729585612e-01,4.191316352626792141e-01,9.543303644431082589e-01,8.879957667029863000e-01,4.759116003503552905e-01,6.654683910670680103e-01,3.995934778275808674e-01,8.498773834046479125e-01,6.519813931524274242e-01,6.874433003985584989e-01,9.554953265436630927e-01,7.175229797771166540e-01,7.464158147880929350e-01,8.697273032293252326e-01,7.544695986694514023e-01,9.836464665847318711e-01,7.987657188513948014e-01,9.203461990498839063e-01,7.976526055014950822e-01,2.970502820321467286e-01,8.790966810089299033e-01,7.919950049424741012e-01,5.286655890006251024e-01,6.298759522185088944e-01,8.699242362779485704e-01,7.669157255538622264e-01,9.708901898163829758e-01,5.771623217147577867e-01,8.033495954368202741e-01,8.424870493788264580e-01
4.021454457902851054e-01,3.628058595506705730e-01,8.517633914202807910e-01,8.350798895419100365e-01,3.614399871400422737e-01,5.518009609642421376e-01,3.044951019437414641e-01,6.129877137793883213e-01,5.722201629463909978e-01,6.086115770184160612e-01,8.346781103093491305e-01,6.426475979108998704e-01,4.435345651564014946e-01,8.026656417874517002e-01,5.288465039212307817e-01,9.401109395233374633e-01,6.511134275677581407e-01,8.150379396804821042e-01,5.406343763785982359e-01,1.161524670401188064e-01,6.916054717380607508e-01,6.828256339331584268e-01,4.342226155854019831e-01,5.014764536629092717e-01,7.643190587015591397e-01,6.357208203412031411e-01,8.802177679827501988e-01,5.046537232491101754e-01,5.321578837749216806e-01,6.991797803348128726e-01
4.594957564290753083e-01,4.005173087732225579e-01,9.321399608793330405e-01,8.726652546130604371e-01,4.378158246710468493e-01,6.299130204965779356e-01,3.674300872504380200e-01,7.891366489081673707e-01,6.267503956668858400e-01,6.627397488212602994e-01,9.306211409078543051e-01,6.942342670759941159e-01,6.581502315760914268e-01,8.503732503685139665e-01,6.889766996119717213e-01,9.749205186935442358e-01,7.564598886256060917e-01,8.941463779381952914e-01,7.268871121642326294e-01,2.242742957833600004e-01,8.322517703003698974e-01,7.598217639042782467e-01,4.978726241056067314e-01,5.892415263539705350e-01,8.409204953231068647e-01,7.280816249554989961e-01,9.532738590587043204e-01,5.538107260092505202e-01,7.294613792230790761e-01,8.031367947764597170e-01
3.004230877293690427e-01,2.953302694480275381e-01,5.195575638163645316e-01,7.392416365837997105e-01,2.349395303153301584e-01,3.982490883150731076e-01,2.029750040274496126e-01,2.336300118467416198e-01,4.638503611628538859e-01,4.982366104027929898e-01,4.369828840715966334e-01,5.349742916378483759e-01,1.282074349994979379e-01,6.817900655412770794e-01,2.337393792862455522e-01,7.341326105522870682e-01,4.128136965681416526e-01,5.587316333926201084e-01,1.976764852766231262e-01,2.818475629075255576e-02,3.287006496565961222e-01,5.072820140700284863e-01,3.196234293316274067e-01,3.375393796244066658e-01,5.597555040128278092e-01,4.344969593440420330e-01,5.094064815444373506e-01,4.110058420363920662e-01,1.786945023810355415e-01,4.415627827925041049e-01
3.733339963765229252e-01,3.438669441486008616e-01,7.852671205868408943e-01,8.123177540309820532e-01,3.241950729652665064e-01,5.100034600647025407e-01,2.743687219999926263e-01,5.035205605610241220e-01,5.431477303876319773e-01,5.793563939621203529e-01,7.526023903989682573e-01,6.144387532739924440e-01,3.353539958839772961e-01,7.737507493024536886e-01,4.410360942684378727e-01,9.074886629796630189e-01,5.889943942511866037e-01,7.587241755400085941e-01,4.353211112777709002e-01,8.030771649182799621e-02,5.977138361259713983e-01,6.381212670170386403e-01,4.019270032847589991e-01,4.555888738956418438e-01,7.156909086506877404e-01,5.829497216309569296e-01,8.123079272790457717e-01,4.790710145941602938e-01,4.209981426009178351e-01,6.345276448405440251e-01
4.336404093243006463e-01,3.834893128758141700e-01,9.029610764706945680e-01,8.568633170795689757e-01,4.030857845062085776e-01,5.955852365052015651e-01,3.385862488704147188e-01,7.181872349137966571e-01,6.026904044943345307e-01,6.389794230185198431e-01,8.965642944714248275e-01,6.716850817453107192e-01,5.648738070880100492e-01,8.303422596402200151e-01,6.204696957314375094e-01,9.628551675898467943e-01,7.121226570589103133e-01,8.633052156974172497e-01,6.489074776706591496e-01,1.689244783680799999e-01,7.767516708029006400e-01,7.270474184392829997e-01,4.692963111992602965e-01,5.503842899844202385e-01,8.094986152523432343e-01,6.886072726408477562e-01,9.281952748819808363e-01,5.319159886794193604e-01,6.470737665384549420e-01,7.603491132676727382e-01
3.201972473533143959e-01,3.086310382147145481e-01,6.040209873718426214e-01,7.616027837944276957e-01,2.583256890005309891e-01,4.292451078850160195e-01,2.216257468163738420e-01,2.997339884642080121e-01,4.862267887843531033e-01,5.213171258429347699e-01,5.330100370012003097e-01,5.577738380511092497e-01,1.723821530583977413e-01,7.097206859089705278e-01,2.851611749138051044e-01,7.979592419801322389e-01,4.622509970389337419e-01,6.207764417972169158e-01,2.537282523209116736e-01,3.808158658183594808e-02,4.011493509658511369e-01,5.451387783525382114e-01,3.419959546989574939e-01,3.695384533180323117e-01,6.065909902356130257e-01,4.763737558880194456e-01,6.084113493243986648e-01,4.299944638236730676e-01,2.342302917555233732e-01,4.968082652893516249e-01
3.331020509006346053e-01,3.172455092182838721e-01,6.548986288343101592e-01,7.750990471022360939e-01,2.739387003472444349e-01,4.492333749606877147e-01,2.340879562960575810e-01,3.468076864636543410e-01,5.004682080835655134e-01,5.359302629313631439e-01,5.931696751821234903e-01,5.721302115013888745e-01,2.062223481617556087e-01,7.266807986267413977e-01,3.211159430465606590e-01,8.321329008599661625e-01,4.940933132472308253e-01,6.583406430806413301e-01,2.943497914608544375e-01,4.601747636929465202e-02,4.497441020049156579e-01,5.689337312929737545e-01,3.565823751101064865e-01,3.904887425828714731e-01,6.353962600426563689e-01,5.031732938517289311e-01,6.674142896461016106e-01,4.421620593469347549e-01,2.752193356932156054e-01,5.320105530368727242e-01
3.566747132356490324e-01,3.328781810453083634e-01,7.367360338544323151e-01,7.977393028801191832e-01,3.031130527346551085e-01,4.851507934507343633e-01,2.574309870083415497e-01,4.378521441955742777e-01,5.257809018671509849e-01,5.617532547777362995e-01,6.926570188030909403e-01,5.973520194650838722e-01,2.779198572417552748e-01,7.552710053738386220e-01,3.903929922358603810e-01,8.813175937456853015e-01,5.506797431859172809e-01,7.202954728612804836e-01,3.750347842262227172e-01,6.415045657960234682e-02,5.379728152810393516e-01,6.104139570566425865e-01,3.831796426150750334e-01,4.287204032660112407e-01,6.842112279605019332e-01,5.506948241305862357e-01,7.598037099837673392e-01,4.639662592126912455e-01,3.580958113218287164e-01,5.936243880364624470e-01
3.520774619142765238e-01,3.298381916495778943e-01,7.219760655667756266e-01,7.935162357255723942e-01,2.973605011620443772e-01,4.782117980867957030e-01,2.528206001666365443e-01,4.197821702547127609e-01,5.209135085160964129e-01,5.568028868697914024e-01,6.745249462474551816e-01,5.925313793168954790e-01,2.629911406785981898e-01,7.499267982945880817e-01,3.766017525076755801e-01,8.729339806691908121e-01,5.398410053812418008e-01,7.089083077395019750e-01,3.587719300794408039e-01,6.020640252062457037e-02,5.209994218532985055e-01,6.025310945885022917e-01,3.779983115946894956e-01,4.212777371809314220e-01,6.750832199995536742e-01,5.415899375285037065e-01,7.434506536945529875e-01,4.597547660760352706e-01,3.412563119521082045e-01,5.819271742209478626e-01
3.692937698302082850e-01,3.412053926381968250e-01,7.742053892987323938e-01,8.088832845482130107e-01,3.190494096492770826e-01,5.040197374158842392e-01,2.702279979686529887e-01,4.876348352948802201e-01,5.389744118587470600e-01,5.751348649024188298e-01,7.389114993784635654e-01,6.103488759899475813e-01,3.209845423306899037e-01,7.693934077942723437e-01,4.286880305522130508e-01,9.017060078187021377e-01,5.798496839248488133e-01,7.498102202840076780e-01,4.205574769896025522e-01,7.610741709814305977e-02,5.835245680859221240e-01,6.315260226237801033e-01,3.973847718834724874e-01,4.490901871291203551e-01,7.082858949777008917e-01,5.752378257696052488e-01,8.005290338390009808e-01,4.754298005043756659e-01,4.055312844071421452e-01,6.248311689321977003e-01
4.256521695742637723e-01,3.782402554618267687e-01,8.917975142625363949e-01,8.516172589284323191e-01,3.924449600260946913e-01,5.846791987599395668e-01,3.298284954120810908e-01,6.933404883370702931e-01,5.950861609002965347e-01,6.314294165737137643e-01,8.832515609589043359e-01,6.644887948130447919e-01,5.344931796221793485e-01,8.236809107466469548e-01,5.979424386785970880e-01,9.580666665898517342e-01,6.973677145463699212e-01,8.522584555189571809e-01,6.226099504762875325e-01,1.540693394316988984e-01,7.569983735726090179e-01,7.162848185741595985e-01,4.604260478838462789e-01,5.381288308984705226e-01,7.987879423670696255e-01,6.756871123634852205e-01,9.181247839761310647e-01,5.250658263727067121e-01,6.191744616542486090e-01,7.457871252858272459e-01
3.928997624795737553e-01,3.567338975240403887e-01,8.326896168703432632e-01,8.280921854826002182e-01,3.493887225581038258e-01,5.385608188405803798e-01,2.947145171245325601e-01,5.788679499515673177e-01,5.630196815964700896e-01,5.993824705551451526e-01,8.112351443200842560e-01,6.337737298232146710e-01,4.080034327567806374e-01,7.937846888284821878e-01,5.008581550896543666e-01,9.311186411922424133e-01,6.318003179012702253e-01,7.983155250430263861e-01,5.070910203244466397e-01,1.034587245549262041e-01,6.630072565388243078e-01,6.689251328232990179e-01,4.238785054231056226e-01,4.868505199104228853e-01,7.495012221932138008e-01,6.192257887035489405e-01,8.613019877215291054e-01,4.965150114234845868e-01,4.966286541600443138e-01,6.793174243560251568e-01
3.561408540924477784e-01,3.325253489059844525e-01,7.350524600260729402e-01,7.972534777560651431e-01,3.024435366364348066e-01,4.843467258186331947e-01,2.568941769830423438e-01,4.357497350788900325e-01,5.252173592079893982e-01,5.611804781441686041e-01,6.905856709266443572e-01,5.967946022336678702e-01,2.761642513198859783e-01,7.546559732818550748e-01,3.887861229582826872e-01,8.803716227628444191e-01,5.494265867501676448e-01,7.189905584280972262e-01,3.731357888418884716e-01,6.368158679159539870e-02,5.360105855723222845e-01,6.095037718933939974e-01,3.825781184967589343e-01,4.278566212404387170e-01,6.831610311122999768e-01,5.496418517805481407e-01,7.579466103483002426e-01,4.634781795738318610e-01,3.561263610114817069e-01,5.922746921616298676e-01
2.147724431031702297e-01,2.354704868093328296e-01,1.678777425530002532e-01,6.127637282738228608e-01,1.424180439859457359e-01,2.617782370847288043e-01,1.287032678400819308e-01,5.497109839875346377e-02,3.582633490634163920e-01,3.874731904667340077e-01,1.056625501033214981e-01,4.233657310368732496e-01,2.618935916824360888e-02,5.293688223755822486e-01,7.606890998588913821e-02,3.249182657970914323e-01,2.085375450584632806e-01,2.654930305620361031e-01,4.866612775324016121e-02,6.309714018762525509e-03,9.588780218168810321e-02,3.290671134083308913e-01,2.228829604347153381e-01,2.045588473010089836e-01,3.315702919951480920e-01,2.519560289551924792e-01,1.268031084176592382e-01,3.229552828039483625e-01,3.962194877254731490e-02,2.110329916195102795e-01
4.044378025320845005e-01,3.643109353006278028e-01,8.561843828143319568e-01,8.367686176336242010e-01,3.644413061230953876e-01,5.550573830556144728e-01,3.069363142088792906e-01,6.212523706751797992e-01,5.744829368754831300e-01,6.108772009681285864e-01,8.400904873143646423e-01,6.448224963837847490e-01,4.524061674701000402e-01,8.048120877072417745e-01,5.357314861916420146e-01,9.421544820139843290e-01,6.558063149032912209e-01,8.189953911888038229e-01,5.488664405686781711e-01,1.194860460501531024e-01,6.984520719773626984e-01,6.862071345798446131e-01,4.367841850643371937e-01,5.050859229833337682e-01,7.678806025385465084e-01,6.397439971869709474e-01,8.845287185808752284e-01,5.066617053146500460e-01,5.408884972372606237e-01,7.039716489706282498e-01
2.336983929561565476e-01,2.491132967636614237e-01,2.322573835172816736e-01,6.455737815507820443e-01,1.615119331271441805e-01,2.918979221232991250e-01,1.441737994971994119e-01,7.982627620724121187e-02,3.829113810175191479e-01,4.135888876736240061e-01,1.568813645328326900e-01,4.500156576640197970e-01,3.894372474691371738e-02,5.678538233225377541e-01,1.014715339594500498e-01,4.231801637224493762e-01,2.503111158511731049e-01,3.284687381927977046e-01,6.955351690438799084e-02,9.077636605654052990e-03,1.330027060165499542e-01,3.697057784164666794e-01,2.441832433416603609e-01,2.327132091412628112e-01,3.836767409648636495e-01,2.912714023965313759e-01,1.892541747721322443e-01,3.433429942444163885e-01,5.804500781064995951e-02,2.578497010220774932e-01
1.585718514385542344e-01,1.927818163811497176e-01,4.800906011142213464e-02,4.943674668643517345e-01,9.087898800063830274e-02,1.747990402963861267e-01,8.609881749875249179e-02,1.459714090745142107e-02,2.799659746776526625e-01,3.035891862790381368e-01,2.435854810220269492e-02,3.363041257542556672e-01,6.569293824832832598e-03,3.978351321770707827e-01,2.716064373177098229e-02,1.021297192435340478e-01,1.048786399600085684e-01,1.137721707343630761e-01,1.377620310463348839e-02,1.808246208258889199e-03,2.911628095767459373e-02,2.100337820299175429e-01,1.602463136184042736e-01,1.275665205067784136e-01,1.856805569792998600e-01,1.456448649233395287e-01,2.781752103858463679e-02,2.583915007627120008e-01,1.034434383404069825e-02,9.852555985500029145e-02
3.783284093583233476e-01,3.471545545730546634e-01,7.983273640153401018e-01,8.164773340000124335e-01,3.305837236286530145e-01,5.173602676163819858e-01,2.795162380085710607e-01,5.230493790618886418e-01,5.482732100967412370e-01,5.845335991237674556e-01,7.687709111752747404e-01,6.194478103571769978e-01,3.534559325340103086e-01,7.790305925946915400e-01,4.563252080946981759e-01,9.141819463401115176e-01,6.001594352093237994e-01,7.693890307748338930e-01,4.536385486959192970e-01,8.576442455031149659e-02,6.149447300242131265e-01,6.461634219682571567e-01,4.075377634164899510e-01,4.636038423263168506e-01,7.246430221720412401e-01,5.923808169220853292e-01,8.260546852015328012e-01,4.835532909347138308e-01,4.402365468337415266e-01,6.463071864490621543e-01
1.747855742432563031e-01,2.054992148337249358e-01,7.226501400177891277e-02,5.320688886903806036e-01,1.049144166176008142e-01,1.993410467862470337e-01,9.786358274957547565e-02,2.224157210920777242e-02,3.033912702720778509e-01,3.288234380643433874e-01,3.906109615418752040e-02,3.627334320772225285e-01,1.016253453512012267e-02,4.384058751684228317e-01,3.771241606873482199e-02,1.516870336272330699e-01,1.312411050911267696e-01,1.508224536332351540e-01,2.055483123537859766e-02,2.677276211133090313e-03,4.266352710455127706e-02,2.436613552513398617e-01,1.781948041663465876e-01,1.486034454479756572e-01,2.253778526058471399e-01,1.742738969981204034e-01,4.545522399188314799e-02,2.777114791560649776e-01,1.582247646848717812e-02,1.264126794964467726e-01
3.981065298969239663e-01,3.601537443720916332e-01,8.436801358277714602e-01,8.320625661362993641e-01,3.561646660245343932e-01,5.460378538028635154e-01,3.002095648003873518e-01,5.982308328955712184e-01,5.682156793135386685e-01,6.045979881433742875e-01,8.247597885159583253e-01,6.387913290717788239e-01,4.279540777930792572e-01,7.988305942492543998e-01,5.166590811542609574e-01,9.363350891508656071e-01,6.427519488999881014e-01,8.078843837761421343e-01,5.260410467061631401e-01,1.104610595016898150e-01,6.793040171509864278e-01,6.768049902563094689e-01,4.297063063510437320e-01,4.951002517891208710e-01,7.579358144871116698e-01,6.285676758811236109e-01,8.722628128920507651e-01,5.011063337014894925e-01,5.166905273183149960e-01,6.906082154888290026e-01
4.584384891751965840e-01,3.998194363201021395e-01,9.311306582599701009e-01,8.720524603315885637e-01,4.363882834944732281e-01,6.285390310528939928e-01,3.662360536809102229e-01,7.865233115308425393e-01,6.257826755498813176e-01,6.617878777324578410e-01,9.294651975704590896e-01,6.933337548853051313e-01,6.545333514463431701e-01,8.495977248415951255e-01,6.863216642966287750e-01,9.745141971904763833e-01,7.547493345344036264e-01,8.930212434342853500e-01,7.239317181757126685e-01,2.217899766369649528e-01,8.302264280119098228e-01,7.585421941997159134e-01,4.967083391566843864e-01,5.876786290817695990e-01,8.397284559666783332e-01,7.265378976918995813e-01,9.524398496427989302e-01,5.529233291492449132e-01,7.263531940780999507e-01,8.015143110496668610e-01
5.224623498874537697e-01,4.424957474300056370e-01,9.723212362780409013e-01,9.047214602235464920e-01,5.234207654763738393e-01,7.069887310340789988e-01,4.406185485398110280e-01,9.043147547449663648e-01,6.820663684399526083e-01,7.166060433678811403e-01,9.746427910251750371e-01,7.448150433488976985e-01,8.327443126578983890e-01,8.906999596767992688e-01,8.216808168362630393e-01,9.904089309716056500e-01,8.431987695346535583e-01,9.445329148044456780e-01,8.650665689757162102e-01,4.033661690358851248e-01,9.210832182650046107e-01,8.272706543236951759e-01,5.664659255370020352e-01,6.777003450691062580e-01,8.994828450495246930e-01,8.093993768370454367e-01,9.839477950594957001e-01,6.055932652719975273e-01,8.723354664225982935e-01,8.820698005647853446e-01
4.961173470378226757e-01,4.248146479113882878e-01,9.595568619621321904e-01,8.923078180504767642e-01,4.875197423375406403e-01,6.758920695594151651e-01,4.095173119249189142e-01,8.651726161376467328e-01,6.594612350901319919e-01,6.947240007067543299e-01,9.611722759255382220e-01,7.243568224860633675e-01,7.699615584096776155e-01,8.751509884505576098e-01,7.723549863744378907e-01,9.856416285003017919e-01,8.104337429095880285e-01,9.270262978802034093e-01,8.161670024021011605e-01,3.215860375762100709e-01,8.908651359219464938e-01,8.010837936865922160e-01,5.379547117976126724e-01,6.418501846456281523e-01,8.777705038157256334e-01,7.778800112432074920e-01,9.748133312398942207e-01,5.841684738952096501e-01,8.224636347712336315e-01,8.530636223638319304e-01
2.772307416749716924e-01,2.795355307583642368e-01,4.152881125009876273e-01,7.101327139100841457e-01,2.084076608861916979e-01,3.614658325217345869e-01,1.818020395784923915e-01,1.676044039026692578e-01,4.367066130351564546e-01,4.700471870382947337e-01,3.263447738024279898e-01,5.069180789389028385e-01,8.767865642063570053e-02,6.458063422183936142e-01,1.801614964842714606e-01,6.406677752014234839e-01,3.547812550613579363e-01,4.805383155264488226e-01,1.425216809801893303e-01,1.944130892330244581e-02,2.502838592670820206e-01,4.609429084966661927e-01,2.933729775587254340e-01,3.003798521496158225e-01,5.011206408515364030e-01,3.846108642937648425e-01,3.881878393873214317e-01,3.881577119544659116e-01,1.254769998896005101e-01,3.760795195781249656e-01
2.875098912703378806e-01,2.865651847026007282e-01,4.617429765997265734e-01,7.234423475921851754e-01,2.200423221640934179e-01,3.778142759826122465e-01,1.910915225942044493e-01,1.952240059540677752e-01,4.488605200090708403e-01,4.826948381210089400e-01,3.744739441054997786e-01,5.195347597429398334e-01,1.042143309075440755e-01,6.622023059833515024e-01,2.029481583105857967e-01,6.845416499326064663e-01,3.804309467453348970e-01,5.157684195330882737e-01,1.655199361708580841e-01,2.297952895358128939e-02,2.839258156605020122e-01,4.817193305684610016e-01,3.050070784687329839e-01,3.167831162806252210e-01,5.275558411107658108e-01,4.067829480454538404e-01,4.418362445437938879e-01,3.983650529066149470e-01,1.474718604310052694e-01,4.050829395366268848e-01
3.590863518999054538e-01,3.344714640058629729e-01,7.442415751917423883e-01,7.999191438614848826e-01,3.061423394360303085e-01,4.887773169144024044e-01,2.598606088565558747e-01,4.473588211040848139e-01,5.283211410670983765e-01,5.643339021960567248e-01,7.019000921139048055e-01,5.998623329042229724e-01,2.859207229888106050e-01,7.580312866974405761e-01,3.976676664457102217e-01,8.855030127388839878e-01,5.563221509931184361e-01,7.261331926400182990e-01,3.836446756241355116e-01,6.630482975155582714e-02,5.468052506885655584e-01,6.145084525103068351e-01,3.858964021959338520e-01,4.326206143444686902e-01,6.889232585079395621e-01,5.554370171898150854e-01,7.680560123570970843e-01,4.661679078142103583e-01,3.670350962623552538e-01,5.996924972856337854e-01
2.746262540045839584e-01,2.777463001545106835e-01,4.035568916414387086e-01,7.066520229037800416e-01,2.054922242377346941e-01,3.573144663828701217e-01,1.794724698256304207e-01,1.610319401023319608e-01,4.335951359811865413e-01,4.668027464241017999e-01,3.145006060770356715e-01,5.036739770747928890e-01,8.383008255273058373e-02,6.415353334065406754e-01,1.746389002668601587e-01,6.289653455135625348e-01,3.483162136255247843e-01,4.715026508024390828e-01,1.370596842941945448e-01,1.862195282039149150e-02,2.420810234153895346e-01,4.556230646091175562e-01,2.904256760070853538e-01,2.962438732525060070e-01,4.943208074982817779e-01,3.789860556534560554e-01,3.747758030288019238e-01,3.855501736428929571e-01,1.202986425653044394e-01,3.687590429013843929e-01
3.036648297756933124e-01,2.975202064186681095e-01,5.338243251403522738e-01,7.430547823233730753e-01,2.387268755348788685e-01,4.033572848429772817e-01,2.059952158096778896e-01,2.438916996494178424e-01,4.675659081792657989e-01,5.020790868929186912e-01,4.528286160197269594e-01,5.387806552670023619e-01,1.348210624061474960e-01,6.865365495066083623e-01,2.418302479393026616e-01,7.455925175965066876e-01,4.209459748856892447e-01,5.692396375469567227e-01,2.063131426177514383e-01,2.963815257822497232e-02,3.403077265684415487e-01,5.135985411677328472e-01,3.232923069449488152e-01,3.427707798381941506e-01,5.676465367868451795e-01,4.414165371025866591e-01,5.261477754382110072e-01,4.141486075503267306e-01,1.871648384857864389e-01,4.506921536318925781e-01
3.873774203159143781e-01,3.531052556941317588e-01,8.203061361058107126e-01,8.237793190541463639e-01,3.422337804878913259e-01,5.305732093744425226e-01,2.889232159163457880e-01,5.579632081305146984e-01,5.574668792072885459e-01,5.937992374476332991e-01,7.959551780738441940e-01,6.283941835200278492e-01,3.870714810269614836e-01,7.883046242174515106e-01,4.840174082385593768e-01,9.251256546422286231e-01,6.199775250431962537e-01,7.877304075283114715e-01,4.868741522689095103e-01,9.643110880404415219e-02,6.452030027522529521e-01,6.604218272538209256e-01,4.176908655703538975e-01,4.780664681695771523e-01,7.402993184138615401e-01,6.091718726777235471e-01,8.487632209042108578e-01,4.916225378828852355e-01,4.752614857285712424e-01,6.670492604011521998e-01
3.044787609644514781e-01,2.980694344433749143e-01,5.373851356583285721e-01,7.440028365447077796e-01,2.396807253611917543e-01,4.046383228878702165e-01,2.067558407632622552e-01,2.465056571999683088e-01,4.684958529549357320e-01,5.030401807883119192e-01,4.568083765859681233e-01,5.397320478634283214e-01,1.365197264463541282e-01,6.877177519372097425e-01,2.438835681757943463e-01,7.484075471950984992e-01,4.229870006367347779e-01,5.718586532307883274e-01,2.085165756361837541e-01,3.001290157540585993e-02,3.432418957067258081e-01,5.151778873535467485e-01,3.242134321389033014e-01,3.440853602811201339e-01,5.696151183873954249e-01,4.431509954243979532e-01,5.303275531146787181e-01,4.149358088214610274e-01,1.893312201173571185e-01,4.529811200809816807e-01
4.189183052005139851e-01,3.738178489564827900e-01,8.814776954595842096e-01,8.470519921948939102e-01,3.835137748032467209e-01,5.753789338260776320e-01,3.225039467680353988e-01,6.713783209114746464e-01,5.886113641120451767e-01,6.249856784347430638e-01,8.708400066169647014e-01,6.583349704348964160e-01,5.085580123521697971e-01,8.178812231700752777e-01,5.785348770982314814e-01,9.535556523389476791e-01,6.845459909111573094e-01,8.423366802782420448e-01,5.997569808978977512e-01,1.423415029079900529e-01,7.393692057665904871e-01,7.069741968260550014e-01,4.529346268675450982e-01,5.277149746861328206e-01,7.893716140489265287e-01,6.645328888161806669e-01,9.086091588019563625e-01,5.192580799358752497e-01,5.949112537319314331e-01,7.330097324961202254e-01
3.508984101287171975e-01,3.290579156850036990e-01,7.180952107949896135e-01,7.924186264595256546e-01,2.958898975917296781e-01,4.764267996715108033e-01,2.516426656746950097e-01,4.151631572923543123e-01,5.196598536084109377e-01,5.555266840127972561e-01,6.697685791240040043e-01,5.912875115337415943e-01,2.592327240562365409e-01,7.485385603313312597e-01,3.730827189850570158e-01,8.706954893839157217e-01,5.370443462648011312e-01,7.059331598806775077e-01,3.546358412750243438e-01,5.922845443307929447e-02,5.166206519477840597e-01,6.004930501637517626e-01,3.766689663111341679e-01,4.193674644757470205e-01,6.727114171463904890e-01,5.392413877771805586e-01,7.391249531060438693e-01,4.586715397638412295e-01,3.369834963506304071e-01,5.789005146619073949e-01
2.881039635803012700e-01,2.869699710106896062e-01,4.644250875606277806e-01,7.241912341270112519e-01,2.207208916473075710e-01,3.787571185592187306e-01,1.916330256747009186e-01,1.969014929966795002e-01,4.495568652961242084e-01,4.834182262706983590e-01,3.773111754712170640e-01,5.202549549220161218e-01,1.052377383825424118e-01,6.631277881728229184e-01,2.043126767670511990e-01,6.869603233874976844e-01,3.819182618217287772e-01,5.177797162725621405e-01,1.669196609766866179e-01,2.319965374211916884e-02,2.859282042502007126e-01,4.829088914922063380e-01,3.056795152144645145e-01,3.177346675758697669e-01,5.290628398616359362e-01,4.080621322207642065e-01,4.449553697422047316e-01,3.989509706337076023e-01,1.488199867549953592e-01,4.067622371703054074e-01
2.345572933201440502e-01,2.497256268475978314e-01,2.354515436890826652e-01,6.469891280473372142e-01,1.623978461972145348e-01,2.932692662766004932e-01,1.448888712004899326e-01,8.112783387689379011e-02,3.840110563704514091e-01,4.147505335958164840e-01,1.595433203890700424e-01,4.511961752149190041e-01,3.962455084875561584e-02,5.695321256494995099e-01,1.027465024055323750e-01,4.277144004255504228e-01,2.522717360205117276e-01,3.314115723412476844e-01,7.064153433157326079e-02,9.223871113048955420e-03,1.348868943882157723e-01,3.715424312784948446e-01,2.451515216595128444e-01,2.340121112765924660e-01,3.860428603790531654e-01,2.930823508929906174e-01,1.924799345367420311e-01,3.442542685885984222e-01,5.901788334665058339e-02,2.600582193221654403e-01
3.257726322327139101e-01,3.123585118677493777e-01,6.264809467023930711e-01,7.675349678163779776e-01,2.650384018568464062e-01,4.379064553791074399e-01,2.269820454583627856e-01,3.197465391431978943e-01,4.924138963441439532e-01,5.276731109690909749e-01,5.593762285235394094e-01,5.640256104515666280e-01,1.865161031341627529e-01,7.171667344444463410e-01,3.004877382648364348e-01,8.134112343900820052e-01,4.760653160969797182e-01,6.373088934523929439e-01,2.709174255420795374e-01,4.135433541949505576e-02,4.220860058078542143e-01,5.555105792465534487e-01,3.482996351365376109e-01,3.785871011465406499e-01,6.192125232415814917e-01,4.880116432919447411e-01,6.345594456332701583e-01,4.352723008342004873e-01,2.515061246714194731e-01,5.121217918959019011e-01
4.437784874688509018e-01,3.901577084398116790e-01,9.155843287671620034e-01,8.632672707499896569e-01,4.166553654413243657e-01,6.092245205125578211e-01,3.498066563990744893e-01,7.477547215568244310e-01,6.122236830750388270e-01,6.484173810398768945e-01,9.114465273644976051e-01,6.806596870994371384e-01,6.025326472515557530e-01,8.384673941314124690e-01,6.481861894469889140e-01,9.681552884709280216e-01,7.301312957646336477e-01,8.762551105074314339e-01,6.808575626880338794e-01,1.892891692576557372e-01,8.000250629302113614e-01,7.402701449088054941e-01,4.805264764731522198e-01,5.657740808753625172e-01,8.223957124158061127e-01,7.045134468113890547e-01,9.392795435426013473e-01,5.405502157424665333e-01,6.809099782620444685e-01,7.779085946104574711e-01
4.215606878806774649e-01,3.755530125826981869e-01,8.856304784287352128e-01,8.488593338585866954e-01,3.870139746278280501e-01,5.790399026975053820e-01,3.253717408149199852e-01,6.801041658886715080e-01,5.911592045532909623e-01,6.275229504808408354e-01,8.758455283967873095e-01,6.607594066070128225e-01,5.187615933114579914e-01,8.201775121659710122e-01,5.861929081170436096e-01,9.553806842846466196e-01,6.896188626715666903e-01,8.462982064249892078e-01,6.087941975796811178e-01,1.468581784776812893e-01,7.463935976275609674e-01,7.106537910634825872e-01,4.558757694963613827e-01,5.318101218924600193e-01,7.931094817205189829e-01,6.689383554516702413e-01,9.124612358396547718e-01,5.215407405427758825e-01,6.045072328085948632e-01,7.380785253348800534e-01
2.290041002880721932e-01,2.457566442548546337e-01,2.151996606307090554e-01,6.377282202614813489e-01,1.566993540205508795e-01,2.844082703480784180e-01,1.402854051359535836e-01,7.298972874175080339e-02,3.768725663811034465e-01,4.072043565614084093e-01,1.428551773395391189e-01,4.435200021851551377e-01,3.538853880426627574e-02,5.585773500983923778e-01,9.469405018032635291e-02,3.984416673993128599e-01,2.396889523737971428e-01,3.124950747405119689e-01,6.383079200990096624e-02,8.311983673692334776e-03,1.230149795918583921e-01,3.596523190241344703e-01,2.388934247656331333e-01,2.256450614650955810e-01,3.707377461545912634e-01,2.814102783821474940e-01,1.722192074622418689e-01,3.383415739566850156e-01,5.294816640281359982e-02,2.458993945357775823e-01
5.045840852753163963e-01,4.304751470780117661e-01,9.641750737006663519e-01,8.964427861001690312e-01,4.990549627380505004e-01,6.860685880112626922e-01,4.194408307063741126e-01,8.790321310366848717e-01,6.668077440965187730e-01,7.018556037449099616e-01,9.661161085071336974e-01,7.310376578427217886e-01,7.917730453078389852e-01,8.803417668299570176e-01,7.891788968095728718e-01,9.873842675452074724e-01,8.214954543303980561e-01,9.331428889774407986e-01,8.332185337848170281e-01,3.469540588146133864e-01,9.015399635630696462e-01,8.098065835246818223e-01,5.471488213775222986e-01,6.535630086397937744e-01,8.851521495980411158e-01,7.883934551074888164e-01,9.781960347517847376e-01,5.910890826170142054e-01,8.399640211773161669e-01,8.629734135133855233e-01
3.336736413066433427e-01,3.176260363920301866e-01,6.570588948199689305e-01,7.756780263302708311e-01,2.746363368809084382e-01,4.501137501031391985e-01,2.346451790148849914e-01,3.489501873271212418e-01,5.010925894875132292e-01,5.365695607370227771e-01,5.957569875089541167e-01,5.727568918147251109e-01,2.078124738397481575e-01,7.274098971962554838e-01,3.227459180257387650e-01,8.335195943306458188e-01,4.954920162650301996e-01,6.599464683628520900e-01,2.962148117899062738e-01,4.639915167510851729e-02,4.519033629511626793e-01,5.699702823686526587e-01,3.572280922756524424e-01,3.914169805332239904e-01,6.366385944948219633e-01,5.043486784459820793e-01,6.698991254451088784e-01,4.426970917554469698e-01,2.771143326725249989e-01,5.335488228136421318e-01
5.306229076405698519e-01,4.480169958376605810e-01,9.754181960836619814e-01,9.083068566138349231e-01,5.345348213489973244e-01,7.162800042720854909e-01,4.503819303840675969e-01,9.142225085889061909e-01,6.889194317490656694e-01,7.232034114293168781e-01,9.778085565559919701e-01,7.509595547671312765e-01,8.492191127292783026e-01,8.951698704959999420e-01,8.351830013517675955e-01,9.915412120450576294e-01,8.523863069683325078e-01,9.491106270089254560e-01,8.778363379641415110e-01,4.301510557241774446e-01,9.287841501956424217e-01,8.348249599844174140e-01,5.752376722158016875e-01,6.884410839735984888e-01,9.054920883906424356e-01,8.184610880142748623e-01,9.860534025365225164e-01,6.121671669743100619e-01,8.851799869376419938e-01,8.900088522024173221e-01
3.941035761042845365e-01,3.575246792167631749e-01,8.352888415555711488e-01,8.290183282839495016e-01,3.509528014331460000e-01,5.402942320413971489e-01,2.959820002159260222e-01,5.833765159757540175e-01,5.642243927225334410e-01,6.005924802765232329e-01,8.144372253722902411e-01,6.349384791472295619e-01,4.125997874963927003e-01,7.949616419024958525e-01,5.045190883611124777e-01,9.323609581265008828e-01,6.343494093481116813e-01,8.005630078402730110e-01,5.114838130960687179e-01,1.050447341148430386e-01,6.668181577853037334e-01,6.707588268239574880e-01,4.252264518964884443e-01,4.887607538664869300e-01,7.514720359027592389e-01,6.213976013244156826e-01,8.639087997099188510e-01,4.975783761593183807e-01,5.012765470031247395e-01,6.819518430670877818e-01
5.036504141398472356e-01,4.298499868631959209e-01,9.636917920210481547e-01,8.959937642943561764e-01,4.977825861561007703e-01,6.849548304788288799e-01,4.183431080691437653e-01,8.775661829784896506e-01,6.660014556684973330e-01,7.010738412683068521e-01,9.656021873188270765e-01,7.303059369778855947e-01,7.894444141631518086e-01,8.797786079196198150e-01,7.873691588177254008e-01,9.872028225645909094e-01,8.203007995316712320e-01,9.324924335125960306e-01,8.314020074418152495e-01,3.441101272119069798e-01,9.004100058618289548e-01,8.088591779895876188e-01,5.461363563324415082e-01,6.522801053145371730e-01,8.843575381359739529e-01,7.872521213193597323e-01,9.778459391189807670e-01,5.903275936187611928e-01,8.381048043726946339e-01,8.619087772939314496e-01
3.893990638683991756e-01,3.544338586985103512e-01,8.249280701675067995e-01,8.253705477387658362e-01,3.448492224409930307e-01,5.335041260631832039e-01,2.910389055237405098e-01,5.656564576112080855e-01,5.595047125015332190e-01,5.958493835833732488e-01,8.016623957304692683e-01,6.303705217973911701e-01,3.947028527252753327e-01,7.903263229509454035e-01,4.901903457691449972e-01,9.273768525792699391e-01,6.243300720945434978e-01,7.916582012877034780e-01,4.942857416034682760e-01,9.895705669062647425e-02,6.517813822518662148e-01,6.635521861451796344e-01,4.199568362747602146e-01,4.812860980403131372e-01,7.436987824903772415e-01,6.128696950311868230e-01,8.534657210581049203e-01,4.934163625588028346e-01,4.830899814934637715e-01,6.715751787891814928e-01
4.232798909489650097e-01,3.766820839232362106e-01,8.882602021579999452e-01,8.500241493879678867e-01,3.892943849750566399e-01,5.814138476498303953e-01,3.272420302602612185e-01,6.857070978602135547e-01,5.928119508056445275e-01,6.291676949267145380e-01,8.790077295961032933e-01,6.623300906304356861e-01,5.253831184209918348e-01,8.216572820769662000e-01,5.911464083798758651e-01,9.565295739227620553e-01,6.928905908014596493e-01,8.488281439112048687e-01,6.146264510323041774e-01,1.498558546523455492e-01,7.508898889746302707e-01,7.130297217267349552e-01,4.577883231240282291e-01,5.344685203808956508e-01,7.955116119380424289e-01,6.717849039131783551e-01,9.148847092257220703e-01,5.230233321397225188e-01,6.106994654588524529e-01,7.413383086120602927e-01
2.200331508216598619e-01,2.392928243022278412e-01,1.845746824939472341e-01,6.222036016639193035e-01,1.476422851065632980e-01,2.701274784673661777e-01,1.329482411614630877e-01,6.117648146546822430e-02,3.651957783224037968e-01,3.948334444781208541e-01,1.184905302584645520e-01,4.308979541336272479e-01,2.932906166307104254e-02,5.403572524555055878e-01,8.262334262370714388e-02,3.517135548138010104e-01,2.198583142056249606e-01,2.825837513376492915e-01,5.390451696569278917e-02,6.997230744763417720e-03,1.053710451542985982e-01,3.403850398762851559e-01,2.287961459430727096e-01,2.122906577853879706e-01,3.460216695049914137e-01,2.627586098911554036e-01,1.424990279828858009e-01,3.286829335473043789e-01,4.419372316284495006e-02,2.236684089516153273e-01
2.788825211355217548e-01,2.806685250032773804e-01,4.227435557775953145e-01,7.123171111630360874e-01,2.102635257947355618e-01,3.640969291358556736e-01,1.832845430573138423e-01,1.718622104005880502e-01,4.386731743738606637e-01,4.720964131172377676e-01,3.339378568296902383e-01,5.089654871215656406e-01,9.018943747245160292e-02,6.484903483272566049e-01,1.837169920140779844e-01,6.479701619984181704e-01,3.588896672449251035e-01,4.862486023851638750e-01,1.460619424203385419e-01,1.997657481439033336e-02,2.555559136869666736e-01,4.643054803752218462e-01,2.952423033772370586e-01,3.030073893119263895e-01,5.054126700996742771e-01,3.881773216246977021e-01,3.967430677873923228e-01,3.898069145807736002e-01,1.288430257205954166e-01,3.807297895917994279e-01
3.754740685198480477e-01,3.452759842654745670e-01,7.909458060381756583e-01,8.141116196479096789e-01,3.269288644995032023e-01,5.131612878827286339e-01,2.765705013614508934e-01,5.119059832868145810e-01,5.453484695940747917e-01,5.815803557683769665e-01,7.596326930018386658e-01,6.165913861328752299e-01,3.430668268190956161e-01,7.760274211400386424e-01,4.475853211271531018e-01,9.104166382826666126e-01,5.937977280992133844e-01,7.633417200624830201e-01,4.431632532420513582e-01,8.260950147843196256e-02,6.051406252979247835e-01,6.415822794050868305e-01,4.043317592522306936e-01,4.590258566958320130e-01,7.195540719227238036e-01,5.870048603741229165e-01,8.183070792163532614e-01,4.809941744982085821e-01,4.292283094685923062e-01,6.396034307365717764e-01
3.983784792759821891e-01,3.603323330329731289e-01,8.442363622281925384e-01,8.322674278334527553e-01,3.565193469750517208e-01,5.464269150938958486e-01,3.004974907009727580e-01,5.992319610103571392e-01,5.684860224846082222e-01,6.048691090359095135e-01,8.254431410784205392e-01,6.390519600145123658e-01,4.290006778231667539e-01,7.990909682339448761e-01,5.174817694965969661e-01,9.365965554881957589e-01,6.433186445249751140e-01,8.083733674657898050e-01,5.270268813834019239e-01,1.108370702415660269e-01,6.801417429109561930e-01,6.772128905221935780e-01,4.300105206419027604e-01,4.955302265606821854e-01,7.583699684715908829e-01,6.290518900230267496e-01,8.728131633113852539e-01,5.013455719360142560e-01,5.177349628207573717e-01,6.911904997195105205e-01
1.975517501037853396e-01,2.227763027804130214e-01,1.199860524091581893e-01,5.800244846200359738e-01,1.257793697552289924e-01,2.346280824856496472e-01,1.151096444292076942e-01,3.801680447553440478e-02,3.351159419644159643e-01,3.628148875177080179e-01,7.075704225195954267e-02,3.980074368888593117e-01,1.776958385267564389e-02,4.918087085109252854e-01,5.718229534240971274e-02,2.425162629633501876e-01,1.732467442026812132e-01,2.124599949596597259e-01,3.423314525510678941e-02,4.434917732772759164e-03,6.909010370686456681e-02,2.920487563594012514e-01,2.035755823535282949e-01,1.798143678748510277e-01,2.848058084241995580e-01,2.174384594224034462e-01,8.404722254674679149e-02,3.038569852656247683e-01,2.722646541386753577e-02,1.719814564947615143e-01
5.420609650156024140e-01,4.557964755751655606e-01,9.792056356298697306e-01,9.131397786673839390e-01,5.500912949263564444e-01,7.290300920898772352e-01,4.641638911007328061e-01,9.265742671865919711e-01,6.984102041848152531e-01,7.323116358247775404e-01,9.816128849847229887e-01,7.594247911831539799e-01,8.700864547617312983e-01,9.011776134635807178e-01,8.527527195591217968e-01,9.929115986220609091e-01,8.645388024475907374e-01,9.549418574435508678e-01,8.940113986035890248e-01,4.684530236651620050e-01,9.384359688914709619e-01,8.449889109920003527e-01,5.874823060568895583e-01,7.031953992848207768e-01,9.133917872941734739e-01,8.306222934219880116e-01,9.885591149639278985e-01,6.213353089182704903e-01,9.013187784814575831e-01,9.003706463347115330e-01
4.243589417172079492e-01,3.773908008033784456e-01,8.898821908459306762e-01,8.507508181924112733e-01,3.907268950177790190e-01,5.829006168603825255e-01,3.284176865735408679e-01,6.891933862026514701e-01,5.938473075792229938e-01,6.301975786543542180e-01,8.809551018797483479e-01,6.633132336366399651e-01,5.295310261592914847e-01,8.225803609315665010e-01,5.942433639499912212e-01,9.572355709099246157e-01,6.949324385120385639e-01,8.503971220962407429e-01,6.182672051748998587e-01,1.517612715668498202e-01,7.536821615146317432e-01,7.145136875968775003e-01,4.589883098909513515e-01,5.361345935310273259e-01,7.970073662153461802e-01,6.735635499414891481e-01,9.163732506289348212e-01,5.239528489998064309e-01,6.145645682669425014e-01,7.433689684468975933e-01
5.774458876191833623e-01,4.802147214930512775e-01,9.877116185437776474e-01,9.267815799216244654e-01,5.979177162240160159e-01,7.664569336344853046e-01,5.074639123071031932e-01,9.553285789232981440e-01,7.269568357933536840e-01,7.595050791557788061e-01,9.898189799002000688e-01,7.845772052110617789e-01,9.200298520903174015e-01,9.180080737093014864e-01,8.978371576988736225e-01,9.959237511098505413e-01,8.971582135039944950e-01,9.693178202240133601e-01,9.329545816903102029e-01,5.883987010404964080e-01,9.612560979220658997e-01,8.734670067225006607e-01,6.249710106747304872e-01,7.465512905031729263e-01,9.343499152620384773e-01,8.644392372934448510e-01,9.938521745892024972e-01,6.493906221830019199e-01,9.394289188385468448e-01,9.273387437646665177e-01
3.948461309337432112e-01,3.580124267756349399e-01,8.368745439662633734e-01,8.295871370869080108e-01,3.519183463797980194e-01,5.413620559280768463e-01,2.967647244413836316e-01,5.861482758727635245e-01,5.649664824477829139e-01,6.013376019424965246e-01,8.163896958452344643e-01,6.356555319174017615e-01,4.154401940779920421e-01,7.956845142962495343e-01,5.067751136543571233e-01,9.331162187275235942e-01,6.359166898441126481e-01,8.019387428984598998e-01,5.141902614724893628e-01,1.060328517540563703e-01,6.691560478866095396e-01,6.718863567489756772e-01,4.260577498159833221e-01,4.899382025327098100e-01,7.526814724397961065e-01,6.227336802220140299e-01,8.654947408983890700e-01,4.982337418211746916e-01,5.041409953658938514e-01,6.835696747276398533e-01
2.807577837368029905e-01,2.819532042042299236e-01,4.312174007323676950e-01,7.147755972766273169e-01,2.123769124705253142e-01,3.670822692661082076e-01,1.849723936333231289e-01,1.767801629948010100e-01,4.408994917815813874e-01,4.744150263215605734e-01,3.426296862778095975e-01,5.112805485645145476e-01,9.310678591678052396e-02,6.515144320032405512e-01,1.878031645658613524e-01,6.561457598615174636e-01,3.635609435719009963e-01,4.927106532575221687e-01,1.501531520659173669e-01,2.059931547619324455e-02,2.616053270634805528e-01,4.681121332074116292e-01,2.973646515764171161e-01,3.059944777931796200e-01,5.102655599024522592e-01,3.922251146106768838e-01,4.064946381003219922e-01,3.916750480649238142e-01,1.327420827505662038e-01,3.860152574567350947e-01
2.891947438591038200e-01,2.877127971707693077e-01,4.693464111486825296e-01,7.255606166983691319e-01,2.219685439346934797e-01,3.804876474170346690e-01,1.926285938848475432e-01,2.000043828875331942e-01,4.508337202074763073e-01,4.847443153054015741e-01,3.825333551367663398e-01,5.215747925575852095e-01,1.071365952829541474e-01,6.648208734332106129e-01,2.068314002913697325e-01,6.913671910001268905e-01,3.846501241408533667e-01,5.214647150523580299e-01,1.695097902428595038e-01,2.360848072821431984e-02,2.896203065061899173e-01,4.850897517794356406e-01,3.069141872569884910e-01,3.194827379102643805e-01,5.318236495058988877e-01,4.104099967003012606e-01,4.506835702303125246e-01,4.000256599296886928e-01,1.513173774482114153e-01,4.098458900120661719e-01
4.433452151881014380e-01,3.898725313365261069e-01,9.150779659289757229e-01,8.629992210020296373e-01,4.160740632118527516e-01,6.086462944659490892e-01,3.493247391712480110e-01,7.465369429288152281e-01,6.118189084418660384e-01,6.480172751818216170e-01,9.108535086442554052e-01,6.802797002019713712e-01,6.009482450342471527e-01,8.381274737643700234e-01,6.470231012219097577e-01,9.679450302737979683e-01,7.293781213625241122e-01,8.757251664049441331e-01,6.795268628128103838e-01,1.883837615427713108e-01,7.990710168724907136e-01,7.397149403405887114e-01,4.800471772490194633e-01,5.651202784127264955e-01,8.218600834901109708e-01,7.038449422828065849e-01,9.388414808332509187e-01,5.401825406823889120e-01,6.795025128832044015e-01,7.771790357113196324e-01
3.361136948525478840e-01,3.192495520582613877e-01,6.661866887984206897e-01,7.781322082238317783e-01,2.776201302179149288e-01,4.538669885352312194e-01,2.370288606529369346e-01,3.581435004095320784e-01,5.037519708267945706e-01,5.392911662840308429e-01,6.067160918527342295e-01,5.754234887036324686e-01,2.146864477211975764e-01,7.305017079623937759e-01,3.297365520677106310e-01,8.393234129301253565e-01,5.014500706480602421e-01,6.667447819803278275e-01,3.042345155247384025e-01,4.805880748968448940e-02,4.611196794901690210e-01,5.743783174224770249e-01,3.599842000782056961e-01,3.953793790663224228e-01,6.419095412047097771e-01,5.093543268309100869e-01,6.803757696656032028e-01,4.449774436014150014e-01,2.852751906045972730e-01,5.400933190252650284e-01
3.161094442599132193e-01,3.058921712399791937e-01,5.871295161804475082e-01,7.571523196854201831e-01,2.534364836207089744e-01,4.228714369445024657e-01,2.177257007337664307e-01,2.854145431332916760e-01,4.816568637652896001e-01,5.166152332133887581e-01,5.133967019012813937e-01,5.531416093676603252e-01,1.624912986876098087e-01,7.041439573174002042e-01,2.741414439003665438e-01,7.859382798589272801e-01,4.520775696487524531e-01,6.083729839847882293e-01,2.414965617188631897e-01,3.582424086600979884e-02,3.859004076222962709e-01,5.374478231029828912e-01,3.373727209844282204e-01,3.629091646475952060e-01,5.971697841435947840e-01,4.677886237999756003e-01,5.886692099746844153e-01,4.261040533051507206e-01,2.220028599486268683e-01,4.854931731347530421e-01
2.762222347088939545e-01,2.788431099252529632e-01,4.107415148627371337e-01,7.087902339905837179e-01,2.072771685684020870e-01,3.598587261411309024e-01,1.808988222283389180e-01,1.650389174418037952e-01,4.355033402320043767e-01,4.687928096242930942e-01,3.217392999075135429e-01,5.056642018553734186e-01,8.617249874417487465e-02,6.441581963967247804e-01,1.780108735478284909e-01,6.361634165271643493e-01,3.522758996555254152e-01,4.770439571544281554e-01,1.403892670382627383e-01,1.912049817709925506e-02,2.470914294329076832e-01,4.588855257860039449e-01,2.922316943564445824e-01,2.987772802797249438e-01,4.984922367104198671e-01,3.824329757334485325e-01,3.829823840605469654e-01,3.871490609489331436e-01,1.234531589688843550e-01,3.732430378066696197e-01
3.492633214871954661e-01,3.279754083466827619e-01,7.126491213070357267e-01,7.908865330672703031e-01,2.938537419593515443e-01,4.739478335153554101e-01,2.500121675748649963e-01,4.087705937349216945e-01,5.179176892633484686e-01,5.537523874369034704e-01,6.631024443843204219e-01,5.895574137169147244e-01,2.540692830948247938e-01,7.466013452014795826e-01,3.682158647005099872e-01,8.675298055878476466e-01,5.331549932255807978e-01,7.017703699385924310e-01,3.489253826317203488e-01,5.789443846277019662e-02,5.105329444527947347e-01,5.976557355238065750e-01,3.748251305809588430e-01,4.167174582984121689e-01,6.694014849304149584e-01,5.359755747330956499e-01,7.330372799932775019e-01,4.571672171063355661e-01,3.310911476507282236e-01,5.746856311541042039e-01
3.817438198053519360e-01,3.494013598906807183e-01,8.068743834982253782e-01,8.192683172674444236e-01,3.349697377716393532e-01,5.223651336702709314e-01,2.830546108852338150e-01,5.363092321999282097e-01,5.517571736889491651e-01,5.880479901229019868e-01,7.793486243318977769e-01,6.228438696455200763e-01,3.660297680802651610e-01,7.825746063161018728e-01,4.667840909532396387e-01,9.184849287166189091e-01,6.077029316008539794e-01,7.764590306380511064e-01,4.661855418560837405e-01,8.966980144077396631e-02,6.265166227348377692e-01,6.515924073023326990e-01,4.113718595393225375e-01,4.690719703335851087e-01,7.306371701908698224e-01,5.987638182971154466e-01,8.349513921998680255e-01,4.866066640540455679e-01,4.534424371858171154e-01,6.542279924109478673e-01
4.700516799358061548e-01,4.074944788614366376e-01,9.414742587233106974e-01,8.786367575954133757e-01,4.520963326119210035e-01,6.434893816977926839e-01,3.794176748279430300e-01,8.139001456592238615e-01,6.363389511377884888e-01,6.721538707564723714e-01,9.412185401758651482e-01,7.031277807688766091e-01,6.931490777513191759e-01,8.579236055480433665e-01,7.147447999312012135e-01,9.786399527540730059e-01,7.730632868238038746e-01,9.048005938007098736e-01,7.552412226841977994e-01,2.501070281221838276e-01,8.513932041843204068e-01,7.723201986096283056e-01,5.094759728403023269e-01,6.047154760677235785e-01,8.524109963873193196e-01,7.431658834909050659e-01,9.608586805036161138e-01,5.626355642118983091e-01,7.592010187134531352e-01,8.187612385494922318e-01
4.201403222907955648e-01,3.746202792863789210e-01,8.834151063532701409e-01,8.478904103009445858e-01,3.851317817364976470e-01,5.770738555412715520e-01,3.238291823796911051e-01,6.754307979742641965e-01,5.897908060259824392e-01,6.261604942388488970e-01,8.731770080733541883e-01,6.594577540193200527e-01,5.132804382382456510e-01,8.189464987824492948e-01,5.820830502063180090e-01,9.544087275357281408e-01,6.868986883582104408e-01,8.441798329213444640e-01,6.039471936181440848e-01,1.444167207095751748e-01,7.426348698633123968e-01,7.086800876284063966e-01,4.542950477810184795e-01,5.296102270018393510e-01,7.911071864817439403e-01,6.665748432122872158e-01,9.104100499368021904e-01,5.203143339507944054e-01,5.993606492367925531e-01,7.353627107957182441e-01
2.290464812729483546e-01,2.457870255744270260e-01,2.153505747804675408e-01,6.377998921605488869e-01,1.567425797778024821e-01,2.844758435075186997e-01,1.403203601870320893e-01,7.304938566758616136e-02,3.769273033034954978e-01,4.072622680291487773e-01,1.429778607368950016e-01,4.435789780157857742e-01,3.541940943884613890e-02,5.586618875404953943e-01,9.475380475665701185e-02,3.986644744759503811e-01,2.397841260164486621e-01,3.126383945161205768e-01,6.388079092074057386e-02,8.318648065893649579e-03,1.231028122816722054e-01,3.597431889934497029e-01,2.389411644365443121e-01,2.257086353682176971e-01,3.708545887743601166e-01,2.814990170319311980e-01,1.723684694415066054e-01,3.383868871977508963e-01,5.299254583255100237e-02,2.460063490986348356e-01
1.675968377219396455e-01,1.999073983050927150e-01,6.059661912416055424e-02,5.157335781316314538e-01,9.860470548746208541e-02,1.883895979607962956e-01,9.259339709555218512e-02,1.853531178672416374e-02,2.930935030070814795e-01,3.177439755042152925e-01,3.185364275253306510e-02,3.511550352514249962e-01,8.411791174663773088e-03,4.206713000002029745e-01,3.272202021373213365e-02,1.281225689258087830e-01,1.191745803011946964e-01,1.336595486000824728e-01,1.728517615002925570e-02,2.258271304270173790e-03,3.617159546444338042e-02,2.286402415058961801e-01,1.702222180551128672e-01,1.391458796519232655e-01,2.074563204264058269e-01,1.613429734212130651e-01,3.677484812485519450e-02,2.692220650205250920e-01,1.316234874085345057e-02,1.135675572106882025e-01
4.480075169135134261e-01,3.929422529954536003e-01,9.203796758148833357e-01,8.658578251918955804e-01,4.223353014443549935e-01,6.148462521771457245e-01,3.545215814552924449e-01,7.594242566701557839e-01,6.161622687075886118e-01,6.523076470665213344e-01,9.170444960915566934e-01,6.843521446280128595e-01,6.178643838626577400e-01,8.417516514326661703e-01,6.594332669843898653e-01,9.701366936493152071e-01,7.374055395473184671e-01,8.813212595684409845e-01,6.936762264212414930e-01,1.982923690953833917e-01,8.091494988796639198e-01,7.456432689937435576e-01,4.852016538383417954e-01,5.721366910287808416e-01,8.275523074618700292e-01,7.109855182520353756e-01,9.433995555776969466e-01,5.441328777102160119e-01,6.944584010801533314e-01,7.849326005041831200e-01
3.104455614171785505e-01,3.020884582893323955e-01,5.631905590160443120e-01,7.508404987591572599e-01,2.467086640407776810e-01,4.140097633190035209e-01,2.123601280656282064e-01,2.661127312699627656e-01,4.752773208564455287e-01,5.100412632833080107e-01,4.859382468792903254e-01,5.466544088791124301e-01,1.494448406534442664e-01,6.962494943397993241e-01,2.591969558896061732e-01,7.682860281681261894e-01,4.379324458683241938e-01,5.908098253570069902e-01,2.250916411362133551e-01,3.288509717933237042e-02,3.649706084703253639e-01,5.266733412180774065e-01,3.309652688577061075e-01,3.537341369214599962e-01,5.838874497187345192e-01,4.558269281863885358e-01,5.606153142055598781e-01,4.206839696111120408e-01,2.056950841388246187e-01,4.697117779618910083e-01
2.773883721313866180e-01,2.796437110879327892e-01,4.159991509199024162e-01,7.103419414130544007e-01,2.085845376172014154e-01,3.617169794919793957e-01,1.819433459577743661e-01,1.680077321871567275e-01,4.368945089919948344e-01,4.702430272516238685e-01,3.270667407925278991e-01,5.071137990462751821e-01,8.791590072773527997e-02,6.460633032792564290e-01,1.804990272609407476e-01,6.413686875490852701e-01,3.551730594875169844e-01,4.810839580278483685e-01,1.428569725140389213e-01,1.949186061112482410e-02,2.507846624461706475e-01,4.612641834928354334e-01,2.935513644916454279e-01,3.006304524408998091e-01,5.015309272749202130e-01,3.849512482588496876e-01,3.890027406616789474e-01,3.883152469842109378e-01,1.257954692512509021e-01,3.765230618042409438e-01
3.708381627960581350e-01,3.422230126803371131e-01,7.784866995901410514e-01,8.102035723836530368e-01,3.210139521896450687e-01,5.063104210519918658e-01,2.718083310970070277e-01,4.937143831401452077e-01,5.405725559047565021e-01,5.767521153258294841e-01,7.442094828479499657e-01,6.119162714576077411e-01,3.264467726493576749e-01,7.710682259017833662e-01,4.334050146564579209e-01,9.039566038296438233e-01,5.833569444519073333e-01,7.532480576049073173e-01,4.261934351417738243e-01,7.769085582472266827e-02,5.889736773959600713e-01,6.340565230188035528e-01,3.991214089722737723e-01,4.515758299789691677e-01,7.111337757237915502e-01,5.781943348859216458e-01,8.051021517017334928e-01,4.768232999851296228e-01,4.114313467975814764e-01,6.285551178286371554e-01
2.367263412495204111e-01,2.512695372403362382e-01,2.436156189194523536e-01,6.505360850253856242e-01,1.646424517191663606e-01,2.967335942291605688e-01,1.466996726533172091e-01,8.448597244087568958e-02,3.867810099540811564e-01,4.176752307231789696e-01,1.663974224549351622e-01,4.541665535052732960e-01,4.138699944927287655e-02,5.737444694806536072e-01,1.060147641186828527e-01,4.391662219834337466e-01,2.572457666794777942e-01,3.388683404487583539e-01,7.344675731227176541e-02,9.601913898529724697e-03,1.397236372756661960e-01,3.761763496844881538e-01,2.475973347335169716e-01,2.372999179441501461e-01,3.920152142496734493e-01,2.976642843197889188e-01,2.007743581962121993e-01,3.465503909583361741e-01,6.153172299415392288e-02,2.656646578715481932e-01
3.835019648640343726e-01,3.505575452258266056e-01,8.111544157259619192e-01,8.206883845874867189e-01,3.372328251436919611e-01,5.249330941736373157e-01,2.848818067814443133e-01,5.430985078440200287e-01,5.535439898938413483e-01,5.898489202184596936e-01,7.846430490976430416e-01,6.245828514622465688e-01,3.725584445213730445e-01,7.843781862502665625e-01,4.721659317439237946e-01,9.206170164770215436e-01,6.115563386606545082e-01,7.800284961984043086e-01,4.726452021500145984e-01,9.173663644018971441e-02,6.324031001573509059e-01,6.543646897732484646e-01,4.133446138365424738e-01,4.718824345094255746e-01,7.336825329475628044e-01,6.020282101824085963e-01,8.393755358478403039e-01,4.881747555973350861e-01,4.602494639955538869e-01,6.582620913444642285e-01
4.222284126175029351e-01,3.759915216831416496e-01,8.866585272432656595e-01,8.493127711430163984e-01,3.878993819547256194e-01,5.799626730521325602e-01,3.260977325776123203e-01,6.822873229249547533e-01,5.918015797942662859e-01,6.281623229259896135e-01,8.770824546441486902e-01,6.613700746350076320e-01,5.213351126395600055e-01,8.207535709936186752e-01,5.881195824647335035e-01,9.558304519504605690e-01,6.908922789554531319e-01,8.472852344259005353e-01,6.110639504834191049e-01,1.480169015867263405e-01,7.481468506025263920e-01,7.115782770831381443e-01,4.566186872021164023e-01,5.328431910291362428e-01,7.940452316073685068e-01,6.700457855294020826e-01,9.134101322846625015e-01,5.221168064935659547e-01,6.069171547842459047e-01,7.393481651616075068e-01
2.525279511670489585e-01,2.624169328980762161e-01,3.069124934133671823e-01,6.752347444643959085e-01,1.813060951942273846e-01,3.220022183070005428e-01,1.601049923851934897e-01,1.121656778411248973e-01,4.066572690204745544e-01,4.386042345107180607e-01,2.219315989282269752e-01,4.753463393691716443e-01,5.623309491073778116e-02,6.033234700221556945e-01,1.319556606733627013e-01,5.216614225028819440e-01,2.943722306328100946e-01,3.939744335959690091e-01,9.649091872146164928e-02,1.276589264140254310e-02,1.783548637399047232e-01,4.097004609291545751e-01,2.654357792391860427e-01,2.615574833059196025e-01,4.352720393523548670e-01,3.313524921617711505e-01,2.672810693447628672e-01,3.630604842705138502e-01,8.245718586707029285e-02,3.076325752825160853e-01
4.780686588289016492e-01,4.128064365637310607e-01,9.477306614904537074e-01,8.829994460883680008e-01,4.629712381942193700e-01,6.536265960517531060e-01,3.886010246488492692e-01,8.311259689248825522e-01,6.435335222924591925e-01,6.791966801564043310e-01,9.482172967994265678e-01,7.097661397980755682e-01,7.182879429939479365e-01,8.634308779941899381e-01,7.333909347663450928e-01,9.810935433390431948e-01,7.851011614896731272e-01,9.122241556085920466e-01,7.753579126525734777e-01,2.709573623847340573e-01,8.646671948122391926e-01,7.814806395227777980e-01,5.182621036629379008e-01,6.163042450106258618e-01,8.606537573405389496e-01,7.542245993223395395e-01,9.658045053130429602e-01,5.692964496876395941e-01,7.801984529321410733e-01,8.299448935121609416e-01
3.502574696751759586e-01,3.286336430613196469e-01,7.159692684414994401e-01,7.918194414403413317e-01,2.950912905293838762e-01,4.754555576362274882e-01,2.510031032033745446e-01,4.126554388790228955e-01,5.189774421310251462e-01,5.548317967359039926e-01,6.671651599895503937e-01,5.906100391824691265e-01,2.572019242450221954e-01,7.477808593501078516e-01,3.711730775835049845e-01,8.694631267487987758e-01,5.355212626157141997e-01,7.043064909397867002e-01,3.523938118576113721e-01,5.870247655625042416e-02,5.142363738552242491e-01,5.993823678031092728e-01,3.759462430975420988e-01,4.183288022182106713e-01,6.714168261079132005e-01,5.379624414218440176e-01,7.367509370012691461e-01,4.580821532037940846e-01,3.346690930320368462e-01,5.772507331014599119e-01
3.849124972574482495e-01,3.514849542510000147e-01,8.145300778256178154e-01,8.218196013187252236e-01,3.390510314728190644e-01,5.269891667500203880e-01,2.863505552123738473e-01,5.485255258274978063e-01,5.549742906255109576e-01,5.912897883459820036e-01,7.888171249486443104e-01,6.259735184995555146e-01,3.778219836937480869e-01,7.858150672098289657e-01,4.764816868619651258e-01,9.222879976125306634e-01,6.146330353510427447e-01,7.828580986887904158e-01,4.778263117104523672e-01,9.342302623556299201e-02,6.370901410454101743e-01,6.565778429067020694e-01,4.149268639152284832e-01,4.741349993631854831e-01,7.361060838674737816e-01,6.046365743462009945e-01,8.428498403555674257e-01,4.894310154417568781e-01,4.657129461491083533e-01,6.614771279407353211e-01
2.960714555411960713e-01,2.923841669595854120e-01,5.002207684177436553e-01,7.340279251674265426e-01,2.298851511923243607e-01,3.913774828212610579e-01,1.989439990339273989e-01,2.202388618448363200e-01,4.588329606802489802e-01,4.930415513208853406e-01,4.157662074613222569e-01,5.298212428241200200e-01,1.197069158512609338e-01,6.753118798055679495e-01,2.231020093935334736e-01,7.181237113215110934e-01,4.018938850519522821e-01,5.444412488464838162e-01,1.864362426511875226e-01,2.632921399733186701e-02,3.133351037601808109e-01,4.987380134059029579e-01,3.146980320752941762e-01,3.305288566109281234e-01,5.490384360457196689e-01,4.251818119988620137e-01,4.867437410729897884e-01,4.067680232685016994e-01,1.677226649948159731e-01,4.292824643701873000e-01
3.157072873341009167e-01,3.056224391397780460e-01,5.854495535855485100e-01,7.567097763902101981e-01,2.529569918714437704e-01,4.222433745398572746e-01,2.173432602824313664e-01,2.840229377885008510e-01,4.812057253306398219e-01,5.161507354036759532e-01,5.114566019579618317e-01,5.526836499051560603e-01,1.615397907534266431e-01,7.035898804772063864e-01,2.730677037494197990e-01,7.847233823808484887e-01,4.510749452678861626e-01,6.071401897272847847e-01,2.403107115579638797e-01,3.560844087365606925e-02,3.844060810949170293e-01,5.366872923126266848e-01,3.369178292094996974e-01,3.622572759519679386e-01,5.962353889038015664e-01,4.669417694312696931e-01,5.867029145916193844e-01,4.257203524218098334e-01,2.208204568648662602e-01,4.843763946704492951e-01
3.767097512476980659e-01,3.460893443323426744e-01,7.941682554464672972e-01,8.151395163645122066e-01,3.285098995126202182e-01,5.149808891933872479e-01,2.778444769078987631e-01,5.167363099704099794e-01,5.466161004988215888e-01,5.828606713309512077e-01,7.636221735341669481e-01,6.178300217853724963e-01,3.475504879165532413e-01,7.773321915999428233e-01,4.513684957328784608e-01,9.120660287945324685e-01,5.965581357525735484e-01,7.659752635919657715e-01,4.476963538104882789e-01,8.396329487370939038e-02,6.093994577686238090e-01,6.435704333165227498e-01,4.057198749637275226e-01,4.610086079492254907e-01,7.217660541956368858e-01,5.893367880439775996e-01,8.216964639212193111e-01,4.821028766512569508e-01,4.339900375997151061e-01,6.425149074037355135e-01
3.383815393956049467e-01,3.207571979137113227e-01,6.745315049280167230e-01,7.803881316395647749e-01,2.804014959571998200e-01,4.573479853912149062e-01,2.392515051480007537e-01,3.667527231226364037e-01,5.062149421337109878e-01,5.418098720818482761e-01,6.167718857171948788e-01,5.778894224247238531e-01,2.211992855822324799e-01,7.333455659970680163e-01,3.362793283525350452e-01,8.445520320177030138e-01,5.069681763748239423e-01,6.729802707016266927e-01,3.117702699316169390e-01,4.964615946200733737e-02,4.696798822270631946e-01,5.784505988387312891e-01,3.625452138173240191e-01,3.990617218228028062e-01,6.467611874457513954e-01,5.139889799480411581e-01,6.899198945134089600e-01,4.470916094090421899e-01,2.929612825859462255e-01,5.461426665234958566e-01
3.375705117372739261e-01,3.202181726564460318e-01,6.715627397126431308e-01,7.795841194524730788e-01,2.794059258988857986e-01,4.561039327266424026e-01,2.384558472351882286e-01,3.636670452148418331e-01,5.053350950232357031e-01,5.409103244129732646e-01,6.131905059116224965e-01,5.770089276772542020e-01,2.188565116279793110e-01,7.323318175889418358e-01,3.339345969877787756e-01,8.427002745603363598e-01,5.049970051509645730e-01,6.707595621470178182e-01,3.090664530109467623e-01,4.907346630423591038e-02,4.666195098683316167e-01,5.769970056155534488e-01,3.616294086464092450e-01,3.977449017623740923e-01,6.450313868182049326e-01,5.123335243242354009e-01,6.865283211664190421e-01,4.463361179215402097e-01,2.902015858525408554e-01,5.439830583949307741e-01
3.807172475676774415e-01,3.487261472316847133e-01,8.043378257962336964e-01,8.184339390180840335e-01,3.336499904473932965e-01,5.208630688822326604e-01,2.819895262877556985e-01,5.323330767608034364e-01,5.507117847526080689e-01,5.869938744978129286e-01,7.762099873153103236e-01,6.218256018362960935e-01,3.622348988875124243e-01,7.815150018856749092e-01,4.636407804114870967e-01,9.172142241946483754e-01,6.054435464983437543e-01,7.743529095405086160e-01,4.624136313823918876e-01,8.848083967412764816e-02,6.230571810117294662e-01,6.499666477550195554e-01,4.102196876670096137e-01,4.674295652174111360e-01,7.288463693033890856e-01,5.968510136384079789e-01,8.323195595140446823e-01,4.856899078797063396e-01,4.494701967633041306e-01,6.518588533995122170e-01
6.547781311293091600e-01,5.361029068113111196e-01,9.963407755401835209e-01,9.508269620809428613e-01,6.992022798481357659e-01,8.377857970385687025e-01,6.048361914977717912e-01,9.861626450207560124e-01,7.854247960058762246e-01,8.142130528252113919e-01,9.973876957749949757e-01,8.346422264001922553e-01,9.753339020939169046e-01,9.470426016973685357e-01,9.579178124076668244e-01,9.988512879219085816e-01,9.468093264240445839e-01,9.874312480752978072e-01,9.775843382249473912e-01,8.117065362321891353e-01,9.869118216836280100e-01,9.220711361622382363e-01,7.045947472295146508e-01,8.288044199840226556e-01,9.657594970102916232e-01,9.207030472419505118e-01,9.985211021493539674e-01,7.094677552997427084e-01,9.811038580306161716e-01,9.655818811333172214e-01
1.730875509076673091e-01,2.041847838572694029e-01,6.937099244200709003e-02,5.282639624414300350e-01,1.034117074726961794e-01,1.967448606588130533e-01,9.661103652344157910e-02,2.131716304966460931e-02,3.009713573327424951e-01,3.262217841508308069e-01,3.725155785982670054e-02,3.600182239488561864e-01,9.724435875436698851e-03,4.342539268432804023e-01,3.648684604497332007e-02,1.458913875812474226e-01,1.283373471940737198e-01,1.466642904980346995e-01,1.974189837052848714e-02,2.573100845958122603e-03,4.105642173921470600e-02,2.400991047303900616e-01,1.763096374709269276e-01,1.463513410137873560e-01,2.211020493898691874e-01,1.711867943436111983e-01,4.327084316945329495e-02,2.757168764310569120e-01,1.515828006688759409e-02,1.233100562634090180e-01
3.200696796309239756e-01,3.085456443671001359e-01,6.034990962599425801e-01,7.614652049394180500e-01,2.581726931004785786e-01,4.290464964418622129e-01,2.215036906898570634e-01,2.992824430394920854e-01,4.860846076300531227e-01,5.211709312276839867e-01,5.324012061651927086e-01,5.576299047670141285e-01,1.720674545360765251e-01,7.095481663727645216e-01,2.848144310967667403e-01,7.975930596029470188e-01,4.619340450729175762e-01,6.203929224250114283e-01,2.533417043524597290e-01,3.800935881095515029e-02,4.006719860320369642e-01,5.448998646424394465e-01,3.418516953050818596e-01,3.693314982336572960e-01,6.062991063566363081e-01,4.761064878636430131e-01,6.078022481997334969e-01,4.298733239257869210e-01,2.338430201426626442e-01,4.964562124768231444e-01
2.426888950844819925e-01,2.554960188789787701e-01,2.667484201049695747e-01,6.600880044776250566e-01,1.708664266669954745e-01,3.062637695760469514e-01,1.517140335815780894e-01,9.425454832648662296e-02,3.943431645048925960e-01,4.256499127882287237e-01,1.862065252554196415e-01,4.622525033503788738e-01,4.656159766826720864e-02,5.851332002903493201e-01,1.153600585404171153e-01,4.705730443190754286e-01,2.710793594816395258e-01,3.595267997066149968e-01,8.159301667962065574e-02,1.070821213893870597e-02,1.535999047731229916e-01,3.888787960209265648e-01,2.543244713816094627e-01,2.463920519326634750e-01,4.084004916124834295e-01,3.103180138625464268e-01,2.246469937600544531e-01,3.528245434176723316e-01,6.887486761873781727e-02,2.812804600172312264e-01
3.595767214481562224e-01,3.347953181196937078e-01,7.457477229403167707e-01,8.003594326289090732e-01,3.067592603926986294e-01,4.895135548742946541e-01,2.603555656673203211e-01,4.492933463589313670e-01,5.288365627847972927e-01,5.648572798066437972e-01,7.037565421319434966e-01,6.003712203487998611e-01,2.875614325858797948e-01,7.585889504990847021e-01,3.991498699466471956e-01,8.863366856925194437e-01,5.574656761491239010e-01,7.273087767023588279e-01,3.854013792303211949e-01,6.675023673666692636e-02,5.485945747741508560e-01,6.153375645247263215e-01,3.864487021690103941e-01,4.334132833733358448e-01,6.898749479428746278e-01,5.563983448277749488e-01,7.697066189745470632e-01,4.666149437373035003e-01,3.688609722025145699e-01,6.009204911413008610e-01
4.168050073972907055e-01,3.724302579067645946e-01,8.780576061393666754e-01,8.455915051731350829e-01,3.807186562325231005e-01,5.724403730078838626e-01,3.202163308240771888e-01,6.643018987448455759e-01,5.865670157947747709e-01,6.229482633615170961e-01,8.667073259076319980e-01,6.563869183525020690e-01,5.003790355993331662e-01,8.160254232340975467e-01,5.723729731307067858e-01,9.520427317375422804e-01,6.804503981176819316e-01,8.391038156106366275e-01,5.924682460887802371e-01,1.388075676825475946e-01,7.336523552617059130e-01,7.040070402131077820e-01,4.505810276653340329e-01,5.244319003983363148e-01,7.863419081915676845e-01,6.609831281452411833e-01,9.054142317597936307e-01,5.174290048321199542e-01,5.871714923117851148e-01,7.289047530306146383e-01
3.145181260919186483e-01,3.048245486104827484e-01,5.804636864086287762e-01,7.553962074170783580e-01,2.515407472730652461e-01,4.203851738137974747e-01,2.162137075402622011e-01,2.799265235615610026e-01,4.798700945844449617e-01,5.147752046844508156e-01,5.057101984807007566e-01,5.513271183438303025e-01,1.587487668595095880e-01,7.019457533645543368e-01,2.699038207129597633e-01,7.810967995054962643e-01,4.481085507360762499e-01,6.034819461214425695e-01,2.368228289404995801e-01,3.497677844714316975e-02,3.799942754223411545e-01,5.344343858490657739e-01,3.355726752790136325e-01,3.603300215427764353e-01,5.934645880149144181e-01,4.644353834054993357e-01,5.808647374334321434e-01,4.245847468071857755e-01,2.173458917733275542e-01,4.810705901418424468e-01
5.277999125678675130e-01,4.461043971131706254e-01,9.743864752685811315e-01,9.070797776879085950e-01,5.306912131838458224e-01,7.130841807935248688e-01,4.469978001917024879e-01,9.109030188073560241e-01,6.865565291156302541e-01,7.209306076771334615e-01,9.767590880375487394e-01,7.488439861549758270e-01,8.436731534944739153e-01,8.936412582996857701e-01,8.306047634950149972e-01,9.911651397346069592e-01,8.492576571384232720e-01,9.475680939984898465e-01,8.735384761582598578e-01,4.208251866507927152e-01,9.262005036502595212e-01,8.322406155633625957e-01,5.722065629843630097e-01,6.847455059317552051e-01,9.034494132958261758e-01,8.153630598310687150e-01,9.853573414545844233e-01,6.098962178497980835e-01,8.808665642661480666e-01,8.873153430220571680e-01
2.781530551532900852e-01,2.801683321662518655e-01,4.194498560545675825e-01,7.113546216328636707e-01,2.094432750263994225e-01,3.629351446637237855e-01,1.826293481161684051e-01,1.699732997281128422e-01,4.378053371762862245e-01,4.711922275871601729e-01,3.305770738339526837e-01,5.080622566392933859e-01,8.907385747295951117e-02,6.473073791496105622e-01,1.821417385052361282e-01,6.447568242326875421e-01,3.570745474446044843e-01,4.837288406404627317e-01,1.444911665231300990e-01,1.973867244893222697e-02,2.532210601178703224e-01,4.628215823428086795e-01,2.944167520915306202e-01,3.018465860122685473e-01,5.035191987838804062e-01,3.866023911885815845e-01,3.929605951671747976e-01,3.890790159421094740e-01,1.273486358576537414e-01,3.786754564843590742e-01
4.094658057081742575e-01,3.676118931257423283e-01,8.654712141366106559e-01,8.404134624467399783e-01,3.710420401060962603e-01,5.621626176545096998e-01,3.123131897991896500e-01,6.390789826179352762e-01,5.794208262138368370e-01,6.158155330533782168e-01,8.514270207263664458e-01,6.495582864199361817e-01,4.719071231307824243e-01,8.094447763018365327e-01,5.507385801438059447e-01,9.463978117450485561e-01,6.659638021330126501e-01,8.274201324872090257e-01,5.667717044185038855e-01,1.270656817877282296e-01,7.131197226586282190e-01,6.935339037398119411e-01,4.423981338183580747e-01,5.129777637026176063e-01,7.755383947370840803e-01,6.484743047872889576e-01,8.934887058970857332e-01,5.110524891696298644e-01,5.598886237877566119e-01,7.142958227129895254e-01
2.862554935057716743e-01,2.857099527072455847e-01,4.560762288357971261e-01,7.218538834265864068e-01,2.186116924271863382e-01,3.758226646169862684e-01,1.899497814653532957e-01,1.917108764416099453e-01,4.473880076568292896e-01,4.811646932957169831e-01,3.685000975673727863e-01,5.180108632715320072e-01,1.020781784385073471e-01,6.602402792439837631e-01,2.000838269676870063e-01,6.793917694772696469e-01,3.772918237969870026e-01,5.115117505719792845e-01,1.625897337805490284e-01,2.252053758604050798e-02,2.797176159998765455e-01,4.792034151894134508e-01,3.035872232717803931e-01,3.147750814382305751e-01,5.243660384064680047e-01,4.040809098545535272e-01,4.352528702800492755e-01,3.971264563840797845e-01,1.446530786969253135e-01,4.015376019451888379e-01
3.278003703968375704e-01,3.137119782904595477e-01,6.344731242735579535e-01,7.696538875497554999e-01,2.674922292881826702e-01,4.410470518320451783e-01,2.289406400067739988e-01,3.271526838279682492e-01,4.946511316097469968e-01,5.299686245641034299e-01,5.688332991802145244e-01,5.662806577083665527e-01,1.918404919353614013e-01,7.198297443185996958e-01,3.061423117699231256e-01,8.187681238304711506e-01,4.810691685218451696e-01,6.432084560698481113e-01,2.773081402616862645e-01,4.260237053241516803e-02,4.297280386186191348e-01,5.592484691855569290e-01,3.505916136670840788e-01,3.818793635137123776e-01,6.237366804625772421e-01,4.922224612289777257e-01,6.438286023108137357e-01,4.371838554686409695e-01,2.579553924020129285e-01,5.176533543551210537e-01
